GEOID,12/15/2021
48001950100,0.04843550045799741
48001950401,0.020991252241094986
48001950402,0.012857316362578114
48001950500,0.06599030135408315
48001950600,0.06622772831139398
48001950700,0.06558296741316935
48001950800,0.06634809785718794
48001950901,0.029894277715200514
48001950902,0.04703327959931044
48001951000,0.025663384981150974
48001951100,0.014482562364581864
48003950100,0.032629676824732626
48003950200,0.05556728550478561
48003950300,0.05500152094207449
48003950400,0.03641469641418992
48005000101,0.2273686917095066
48005000102,0.2756318592060317
48005000200,0.30062632457969085
48005000301,0.2960468723074808
48005000302,0.2756318592060317
48005000400,0.36165536241532664
48005000500,0.347318468505458
48005000600,0.3037480865152537
48005000700,0.36527205650567574
48005000800,0.33779575903520115
48005000901,0.3609389916212375
48005000902,0.2921812699563122
48005001001,0.15681356141656727
48005001002,0.15436120103430276
48005001100,0.20512143082578432
48005001200,0.10082371574348797
48005001300,0.12448060955160475
48007950100,0.023789775678735386
48007950200,0.018604507075504092
48007950300,0.02527142656503776
48007950400,0.02858952405488142
48007950500,0.03636278921484181
48007990000,0.018604507075504092
48009020100,0.033575402398359655
48009020200,0.016267004314665198
48009020300,0.01825934042383477
48011950100,0.0078010075648629745
48013960100,0.0059184857232745846
48013960201,0.007997792277824963
48013960202,0.008606708233766018
48013960300,0.009604660572092128
48013960401,0.011691228677078733
48013960402,0.008472047612269813
48013960500,0.0028692850604980216
48013960600,0.0032480546042972357
48015760100,0.012744016203750635
48015760200,0.013588271209709776
48015760300,0.008005822890032464
48015760400,0.005436377926667541
48015760501,0.005436381529533927
48015760502,0.010235713299137705
48017950100,0.015967236823459838
48019000101,0.008976464368676579
48019000102,0.011687049237949443
48019000200,0.004124203536877542
48019000300,0.008056160179520348
48019000400,0.008979028444665424
48021950100,0.015217447036170452
48021950200,0.01987318518970643
48021950300,0.014422802446543736
48021950400,0.01826847495815013
48021950501,0.01267218045035917
48021950502,0.009790538778890403
48021950600,0.008987574141153821
48021950700,0.01888380146319212
48021950801,0.014821942739468456
48021950802,0.014383896786590477
48023950300,0.10368889241380592
48025950100,0.007087952526787887
48025950201,0.0225892117635495
48025950202,0.055887610362856055
48025950300,0.055887610362856055
48025950400,0.055736894163020474
48025950500,0.057244528073328894
48025950600,0.025829840563312667
48027020100,0.019564517455902864
48027020201,0.024095208517433457
48027020202,0.01723321841715672
48027020300,0.02650457468222965
48027020401,0.027446866128795704
48027020402,0.025253388772317444
48027020500,0.028216004143366443
48027020600,0.026658152065257956
48027020701,0.03324299820237533
48027020702,0.0335152932445429
48027020800,0.023906407330711935
48027020900,0.029473027537912852
48027021000,0.03243477955537735
48027021100,0.03273362838815421
48027021201,0.029451335321290108
48027021202,0.03342735063395937
48027021203,0.03318662859081987
48027021301,0.03136947825873565
48027021302,0.0318079397908351
48027021303,0.03136947825873565
48027021400,0.024402581290071168
48027021500,0.025214898404875587
48027021601,0.02436368069939244
48027021602,0.023908748036232986
48027021700,0.02298383177667579
48027021800,0.02035436486575337
48027021901,0.018484495435449645
48027021903,0.016874166182512453
48027021904,0.01566958908064217
48027022000,0.014404962767889834
48027022101,0.015137729198091815
48027022103,0.014460956880503202
48027022104,0.014562721482939611
48027022105,0.01454191316713223
48027022200,0.015137729198091815
48027022300,0.015479591927217281
48027022401,0.015727813579136454
48027022402,0.013132301788652512
48027022403,0.01635059263571727
48027022404,0.016198538724306998
48027022405,0.016372916344805574
48027022501,0.015951750332354034
48027022502,0.016457691301970032
48027022600,0.015617364387777602
48027022801,0.014452776862537639
48027022900,0.015172096555746254
48027023000,0.017319517370236542
48027023103,0.017412208527851233
48027023104,0.016867282986910002
48027023105,0.015104975911168154
48027023106,0.015240310839990227
48027023107,0.017973442024795457
48027023108,0.015758900565727065
48027023201,0.01376616123077724
48027023202,0.0143129707815368
48027023203,0.015014010359481862
48027023204,0.012305293594768427
48027023300,0.014034406803446923
48027023402,0.013373528399853877
48027023403,0.020523213941419614
48027023404,0.02144291945264417
48027023500,0.014452776862537639
48027980001,0.013124470739305564
48027980002,0.00975541894218315
48027980003,0.007491466666659754
48029110100,0.04109614068919578
48029110300,0.04096918797831068
48029110500,0.0410441899948866
48029110600,0.042216931092313406
48029110700,0.0473463427513646
48029110800,0.04260218403953786
48029110900,0.0410703480997204
48029111000,0.04064808040928905
48029120100,0.036682683150444
48029120300,0.03743251887415484
48029120400,0.036480570718569735
48029120501,0.03195424882082308
48029120502,0.032757673594943054
48029120600,0.036451727215610914
48029120701,0.03850322924740467
48029120702,0.03812953663274791
48029120800,0.03694208635862174
48029120901,0.033328870589032056
48029120902,0.03351872751800363
48029121000,0.033284350099131145
48029121108,0.03467651376423472
48029121110,0.027609902075270476
48029121111,0.0265445625274491
48029121112,0.03210772268961895
48029121115,0.03227059445119241
48029121116,0.03516771154335433
48029121117,0.027989860391421862
48029121118,0.028399394457244
48029121119,0.029209947835386895
48029121120,0.028419211077467973
48029121121,0.02750433524030522
48029121122,0.026490760188342524
48029121203,0.033555481545469196
48029121204,0.0334052728706885
48029121205,0.03229321925518304
48029121206,0.02836816349363914
48029121300,0.03335542585495252
48029121402,0.02805636285827357
48029121403,0.02825416821299303
48029121404,0.032171585843871774
48029121501,0.026334285274180094
48029121504,0.02933533076359436
48029121505,0.022739167401351908
48029121506,0.027848161032161298
48029121507,0.029258119746592627
48029121508,0.027940829233572398
48029121601,0.024157124381345402
48029121604,0.023431915122975808
48029121605,0.023138652398507178
48029121606,0.02761580875654405
48029121701,0.02411376466242378
48029121702,0.024829626188566455
48029121802,0.026418946645949983
48029121803,0.02703922998363249
48029121804,0.027087196734351306
48029121808,0.026492272574329862
48029121809,0.02652876194161309
48029121810,0.027555277985805822
48029121811,0.02813394762188186
48029121812,0.02403315808031391
48029121813,0.025520041828090895
48029121903,0.027160552751156777
48029121904,0.027625566876388667
48029121905,0.02531041165058482
48029121906,0.028466140518165282
48029121907,0.02030031762716801
48029121908,0.015492705545466657
48029121909,0.024662989296539622
48029121910,0.020257900692990976
48029130200,0.039728567408342096
48029130300,0.040000511732422556
48029130401,0.03576138843334817
48029130402,0.032971626191976765
48029130500,0.0396362400065913
48029130600,0.03968759825277983
48029130700,0.03969891008272875
48029130800,0.032205738985385216
48029130900,0.03302868083878205
48029131000,0.03248882940778679
48029131100,0.0324145472801694
48029131200,0.03194275205437883
48029131300,0.025638272866554263
48029131401,0.0243241428135243
48029131402,0.025359776859057125
48029131503,0.030856681659341353
48029131504,0.030845348947990316
48029131505,0.02757367985990883
48029131506,0.031305665142490016
48029131507,0.02456432418462587
48029131601,0.01869838801357616
48029131606,0.023426057255749616
48029131608,0.02234835883866387
48029131609,0.024584278846386757
48029131610,0.02581242907185382
48029131611,0.024900262499952964
48029131612,0.022723369322039222
48029131613,0.02419402359618436
48029131614,0.024057422087777558
48029131615,0.02514487883689146
48029131700,0.018991932174633137
48029131801,0.014610522723363908
48029131802,0.020720915071808416
48029140100,0.03992220833952128
48029140200,0.039652452486282894
48029140300,0.03960251541180611
48029140400,0.036031806697159253
48029140500,0.03295970056986172
48029140600,0.03231268789687158
48029140700,0.033360367477898945
48029140800,0.032925999389592286
48029140900,0.03255825637503934
48029141000,0.03287650368809288
48029141101,0.03249262294029049
48029141102,0.0324810453580376
48029141200,0.032374156635327944
48029141300,0.030570164660882547
48029141402,0.025163308469666617
48029141403,0.03134220574636235
48029141404,0.03134220574636235
48029141600,0.02584887777173252
48029141700,0.024049536322997618
48029141800,0.019126312258552422
48029141900,0.01463899039206221
48029150100,0.040940784199389534
48029150300,0.04001809591439167
48029150400,0.04038278235204948
48029150501,0.037455209944347284
48029150502,0.03282411211833536
48029150600,0.03618315885602438
48029150700,0.03592834168303428
48029150800,0.032608844401622844
48029150900,0.03217067261558287
48029151000,0.03249576176232638
48029151100,0.03279787066273564
48029151200,0.032090880755163045
48029151301,0.032089384002848345
48029151302,0.028386696227947598
48029151400,0.032050373558517725
48029151500,0.03193186388131953
48029151600,0.031117485323720148
48029151700,0.031190927812528295
48029151900,0.024323411853021306
48029152000,0.01829475410035017
48029152100,0.01846264646597229
48029152201,0.01465698554586087
48029152202,0.014171361684335875
48029160100,0.04081700600199867
48029160200,0.04081700600199867
48029160300,0.03845022520804026
48029160400,0.03690167258622235
48029160501,0.03786885656901509
48029160502,0.03793301393036852
48029160600,0.037119059924311186
48029160701,0.03702463896044158
48029160702,0.03702463896044158
48029160901,0.03264375273578554
48029160902,0.03251563272085997
48029161000,0.02903034105740734
48029161100,0.02907213500566983
48029161200,0.027107097768173244
48029161302,0.025140655171045672
48029161303,0.027247904002773125
48029161304,0.027046531283376682
48029161400,0.027097804477257407
48029161501,0.027754035921184896
48029161503,0.03206333276168234
48029161504,0.03182483034637158
48029161600,0.03325406688815608
48029161801,0.0325284823430097
48029161802,0.02361951534724195
48029161901,0.018589227050711924
48029161902,0.017909962323422804
48029162001,0.02044329941923125
48029162003,0.015506075673758057
48029162004,0.018677098092250276
48029170101,0.047054327712518704
48029170102,0.043741816964633945
48029170200,0.0410441899948866
48029170300,0.04087955165138998
48029170401,0.04792163509012479
48029170402,0.04591274254385037
48029170500,0.04742025886428575
48029170600,0.047262690184366254
48029170700,0.04480598032957043
48029170800,0.04680084468700716
48029170900,0.039416856257424346
48029171000,0.042575447968435355
48029171100,0.03809625368125781
48029171200,0.043100894489571905
48029171301,0.043876879403313314
48029171302,0.04443127243123415
48029171401,0.04206643379078655
48029171402,0.04246949655819169
48029171501,0.03696815908356294
48029171502,0.03809625368125781
48029171601,0.03248860355659633
48029171602,0.043029536204293485
48029171700,0.039807314792103254
48029171801,0.0322644506276612
48029171802,0.03262412894912733
48029171902,0.03850395312620514
48029171903,0.03219277781949839
48029171912,0.030197866671771385
48029171913,0.029688118339237624
48029171914,0.029409622331740486
48029171915,0.029082364167611497
48029171916,0.02852655426834216
48029171917,0.028934312116196837
48029171918,0.030519138224295327
48029171919,0.03167857175936381
48029171920,0.02851408380676508
48029171921,0.02485458202488134
48029171922,0.024640109282105815
48029171923,0.03852184009141894
48029171924,0.03189717838934901
48029171925,0.0335567360333441
48029172002,0.021338727787261758
48029172003,0.023850346491882172
48029172004,0.021699640291110378
48029172005,0.027076434746924692
48029172006,0.018432762160285707
48029172007,0.022521540181818435
48029180101,0.044640700962661185
48029180102,0.04460298275107076
48029180201,0.04559294540644621
48029180202,0.04611588340808904
48029180300,0.044640700962661185
48029180400,0.04430128996180152
48029180501,0.04415612550464452
48029180503,0.04394669697321749
48029180504,0.04227151354217902
48029180602,0.049570690501214244
48029180603,0.05039039638697953
48029180604,0.04947328661612971
48029180701,0.050148023488447345
48029180702,0.04673927445837135
48029180800,0.05028327026959564
48029180901,0.04481353099115622
48029180902,0.04510679371562485
48029181001,0.0482138162851406
48029181003,0.04893934678607022
48029181004,0.050324802543498255
48029181005,0.04930050463645843
48029181100,0.04735590843608966
48029181200,0.04054455316931059
48029181301,0.04236905729207456
48029181302,0.044441965123980964
48029181303,0.04893934678607022
48029181402,0.04652390943439455
48029181403,0.04893934678607022
48029181404,0.04575183287198641
48029181503,0.04535670221837175
48029181504,0.045941033236193266
48029181505,0.04579790698480428
48029181506,0.04579790698480428
48029181601,0.04390298932076297
48029181602,0.040285226966092005
48029181703,0.03630557428128947
48029181704,0.04023146355993089
48029181705,0.04106022560071514
48029181711,0.038651497696611324
48029181712,0.03179196192215441
48029181713,0.039184943115623073
48029181715,0.02981958294922652
48029181716,0.029914774226512918
48029181718,0.031179558988916934
48029181720,0.03174277754922654
48029181721,0.03174277754922654
48029181722,0.03238363094328426
48029181723,0.031179558988916934
48029181724,0.028002078803466328
48029181725,0.03813128307316019
48029181726,0.028118632704409535
48029181727,0.03781481364961665
48029181728,0.02828550848469428
48029181729,0.023739956447320305
48029181730,0.032951388481534234
48029181731,0.03087164605522816
48029181808,0.04266680220830653
48029181809,0.04010614327986982
48029181811,0.03630557428128947
48029181813,0.04205622161174683
48029181814,0.04315181555692376
48029181815,0.041482481047227425
48029181816,0.04153095484259168
48029181817,0.04549542157056139
48029181818,0.039587051553857625
48029181819,0.041482481047227425
48029181820,0.04193340235141392
48029181821,0.039479208427895415
48029181822,0.03980438857690632
48029181823,0.03415257073146423
48029181824,0.03411824888655246
48029181825,0.03280239776683509
48029181826,0.03638533562464265
48029181901,0.0344374861050739
48029181902,0.02450294911416956
48029182001,0.03376877280473592
48029182002,0.02295890865686946
48029182003,0.03271670969873429
48029182101,0.02462968369936248
48029182102,0.024946146280786986
48029182103,0.010316855649279507
48029182105,0.013018408433833839
48029182106,0.023469740757440426
48029190100,0.04786053188744902
48029190200,0.04218856528458155
48029190400,0.04718731078453588
48029190501,0.04786103306160596
48029190503,0.047341649537038226
48029190504,0.04826811951878013
48029190601,0.04837871175271336
48029190603,0.048498918400698816
48029190604,0.0486609490124368
48029190700,0.04824167730231006
48029190800,0.046395847660907825
48029190901,0.04459581627425516
48029190902,0.04304723095816178
48029191003,0.044328770598953376
48029191004,0.04499770466842127
48029191005,0.04481585674036261
48029191006,0.045015289715698695
48029191101,0.045034480351564085
48029191102,0.04493707646647954
48029191201,0.03902467034270631
48029191202,0.04472321845898547
48029191303,0.03505434766201071
48029191304,0.04385300328104247
48029191405,0.040912993964304485
48029191406,0.032451218501351825
48029191408,0.041638987632460885
48029191409,0.042008853877346534
48029191410,0.04125183931125579
48029191411,0.03857141932416485
48029191412,0.03504615558554058
48029191413,0.0341625557381771
48029191503,0.04209467577435819
48029191504,0.042837547513002686
48029191505,0.04082524261905749
48029191506,0.040262819252468954
48029191701,0.034649165955225096
48029191702,0.03208149594519574
48029191804,0.01723006749206936
48029191806,0.032055405130877276
48029191807,0.03226578839454779
48029191808,0.020797260262495718
48029191809,0.01788542246335075
48029191810,0.019961594881458156
48029191811,0.02334088276108221
48029191812,0.024948899181420615
48029191813,0.024960824803535658
48029191814,0.01981943815960943
48029191815,0.032667842205724815
48029191816,0.03277772358793439
48029191817,0.027882560311285394
48029191900,0.040514121660634526
48029192000,0.04092198213065377
48029192100,0.04124211538354501
48029192200,0.025082609724994483
48029192300,0.038952791855516554
48029980001,0.02398967248933155
48029980002,0.03324326872861034
48029980003,0.03251720783244691
48029980004,0.034957588011143556
48029980005,0.013018408433833839
48029980100,0.03652471892682354
48031950100,0.011376906924085883
48031950200,0.013948759904172
48033950100,0.004860779508427744
48035950100,0.008408414780871516
48035950200,0.010863949453044325
48035950300,0.00749059883349938
48035950400,0.01712115141856756
48035950500,0.017213842576182248
48035950600,0.0077880001921198806
48035950700,0.017231386854796214
48037010100,0.19060762127860303
48037010400,0.16663746999402634
48037010500,0.16663746999402634
48037010600,0.19060762127860303
48037010700,0.19060762127860303
48037010800,0.19060762127860303
48037010901,0.17598874679422694
48037010902,0.17598874679422694
48037011000,0.15201859550965022
48037011100,0.15201859550965022
48037011200,0.13649892353746396
48037011300,0.101410280167866
48037011401,0.10094070632544994
48037011402,0.06847612033906975
48037011501,0.05517273204948565
48037011502,0.056158787748219335
48037011600,0.04051167990262702
48037011700,0.031869414322160144
48039660100,0.02715479059121416
48039660200,0.02248948914017417
48039660300,0.026890154449090185
48039660400,0.031239129785408347
48039660500,0.030381556588140183
48039660601,0.03696557481804983
48039660602,0.02966728329546393
48039660701,0.02998200278496629
48039660702,0.02606444938232883
48039660801,0.030121799694196438
48039660802,0.025345679738851386
48039660900,0.023954719289515078
48039661000,0.018268449022614566
48039661100,0.01870165485884086
48039661200,0.017741454844374432
48039661300,0.01955553129077815
48039661400,0.01766595623192575
48039661501,0.018910914090808816
48039661502,0.01576144183743788
48039661601,0.017323372109614352
48039661602,0.014585229549838274
48039661700,0.008369664997469469
48039661800,0.015004025054319116
48039661900,0.015234461470367614
48039662000,0.009872442381005795
48039662100,0.00956315350693325
48039662200,0.011709213647853624
48039662300,0.011461975583441624
48039662400,0.00984757261590328
48039662500,0.010350037193212144
48039662600,0.0106768804915983
48039662700,0.01105505023331519
48039662800,0.005988300538800645
48039662900,0.008590289622471688
48039663000,0.008593895696114861
48039663100,0.007837239016990202
48039663200,0.009895997515729728
48039663300,0.009653083293736226
48039663400,0.00943822314076577
48039663500,0.00936229112837919
48039663600,0.00943822314076577
48039663700,0.009881072210826743
48039663800,0.008830817418125171
48039663900,0.009260213404554848
48039664000,0.008938726814191814
48039664100,0.005896267990568236
48039664200,0.0008401162232648228
48039664300,0.008541437035555247
48039664400,0.002771804090123125
48039664501,0.002914859909060179
48039990000,0.002771804090123125
48041000101,0.0497805645064421
48041000102,0.042143697865375036
48041000103,0.021757230082714903
48041000201,0.0795217856588796
48041000202,0.05197540479630184
48041000300,0.06870789460686381
48041000400,0.08366463257992134
48041000500,0.07388796003285182
48041000603,0.07388796003285182
48041000604,0.07324184879011866
48041000700,0.08366463257992134
48041000800,0.08366463257992134
48041000900,0.07998475585105554
48041001000,0.08626308259904104
48041001100,0.08689846240669538
48041001301,0.08712798283059282
48041001302,0.08210401142808209
48041001303,0.07571376123500138
48041001400,0.08703559724439276
48041001601,0.07507838142734703
48041001604,0.07834158999467096
48041001605,0.08086464108769464
48041001606,0.07798893312681482
48041001701,0.0878902710884297
48041001702,0.08169945783672847
48041001801,0.08106407802907413
48041001803,0.08086464108769464
48041001804,0.07992361678799524
48041001900,0.0871140555755771
48041002001,0.0805119842198385
48041002002,0.06129181224089514
48041002006,0.07448795361234618
48041002007,0.07468739055372567
48041002008,0.06761174448036357
48041002009,0.06508869338733989
48041002010,0.04603066610656288
48041002011,0.033814010907075635
48041002012,0.07498599584114697
48041002013,0.06086876590821482
48041002014,0.04473109587700805
48041002015,0.07484886100344959
48041980000,0.05428268591884988
48043950300,0.5570472169923534
48043950400,0.5570472169923534
48043950500,0.0
48045950200,0.002207910639125247
48047950100,0.0
48047950200,0.007138393162075356
48049950100,0.02011476370786216
48049950200,0.02615080065199827
48049950300,0.02931191271388481
48049950500,0.060862500957771355
48049950600,0.07970833071820306
48049950700,0.07970833071820306
48049950800,0.09017933576921786
48049950900,0.08875675274398996
48049951000,0.08875675274398996
48049951100,0.08765577961318081
48049951200,0.07970833071820306
48049951300,0.05764455954711511
48051970100,0.0304335964277777
48051970200,0.022287826189591027
48051970300,0.030419447727734847
48051970400,0.03397041783251233
48051970500,0.02560044843602808
48053960100,0.003692654406117378
48053960200,0.003974100627055602
48053960300,0.012232411594387631
48053960400,0.011942698301960576
48053960500,0.005895039844417391
48053960600,0.006974619264321772
48053960700,0.013895504312787556
48053960800,0.010810462049578494
48055960101,0.021920674395472337
48055960102,0.012012070791294691
48055960200,0.016272282737314986
48055960300,0.016475967306048205
48055960400,0.01816139086486552
48055960500,0.018830773196720878
48055960600,0.007858213831076072
48055960700,0.027652992237728838
48057000100,0.3167085882473079
48057000200,0.3167085882473079
48057000300,0.12370017242966766
48057000400,0.31420418251750964
48057000500,0.09238516372583203
48057990000,0.09238516372583203
48059030101,0.07917857990878711
48059030102,0.047580351932561826
48059030200,0.03365594319651222
48061010100,0.01062694437453276
48061010201,0.027418436131773295
48061010203,0.03893655813546545
48061010301,0.027124840547805396
48061010302,0.03178791140689467
48061010401,0.04204192486128564
48061010402,0.04204192486128564
48061010500,0.04257085308366727
48061010601,0.03937807451576046
48061010602,0.04241172219808111
48061010700,0.044558375552744924
48061010800,0.036599174637882426
48061010900,0.04967081067232292
48061011000,0.04967081067232292
48061011100,0.04914188244994129
48061011200,0.04914188244994129
48061011301,0.04647803210441611
48061011302,0.046050505798430626
48061011400,0.038238366294576304
48061011500,0.04336982902436169
48061011600,0.0437589256477229
48061011700,0.04737013486633247
48061011801,0.048268258232831325
48061011802,0.04837565770839722
48061011901,0.04246906372161606
48061011902,0.04099218103213971
48061011903,0.033098656768670597
48061012001,0.04268957299872375
48061012002,0.04116830064417568
48061012101,0.03770164295925306
48061012102,0.030478153744646543
48061012200,0.025644457492310903
48061012301,0.008827854888698711
48061012304,0.010428662958144631
48061012305,0.0026917321758597964
48061012401,0.03311581293107253
48061012402,0.03311581293107253
48061012504,0.0371296797195176
48061012505,0.03358137120926794
48061012506,0.0372624184054993
48061012507,0.0371296797195176
48061012508,0.028727265844907823
48061012607,0.031549493225205845
48061012608,0.031549493225205845
48061012609,0.03529567574809319
48061012612,0.0371296797195176
48061012613,0.034345591302078045
48061012700,0.010925334157388816
48061012800,0.01539750073880582
48061012900,0.0367385859718007
48061013002,0.0367385859718007
48061013003,0.03971346455353228
48061013004,0.0367385859718007
48061013102,0.031549493225205845
48061013104,0.031549493225205845
48061013106,0.034133278059220534
48061013203,0.030100673831138784
48061013204,0.027642259548284767
48061013205,0.02940958885990825
48061013206,0.027642259548284767
48061013207,0.028333344519515302
48061013303,0.029612135284976485
48061013305,0.02637769552236086
48061013306,0.029612135284976485
48061013307,0.034133278059220534
48061013308,0.02940958885990825
48061013309,0.02399305600413485
48061013401,0.035047297655296385
48061013402,0.034133278059220534
48061013500,0.03507383652184549
48061013600,0.03507383652184549
48061013700,0.035047297655296385
48061013801,0.03507383652184549
48061013802,0.034133278059220534
48061013901,0.034133278059220534
48061013902,0.034133278059220534
48061013903,0.031549493225205845
48061014001,0.034133278059220534
48061014002,0.034133278059220534
48061014100,0.02399305600413485
48061014200,0.021919810612246404
48061014300,0.03030322025620702
48061014400,0.0371296797195176
48061014500,0.032463512821281695
48061980001,0.034420269362916735
48061980100,0.02125006145188845
48061990000,0.004952788233022483
48063950101,0.04640537889434554
48063950102,0.026652886150398684
48063950200,0.050176629375103865
48065950100,0.017390116806020164
48065950200,0.012312724215746751
48067950100,0.06847612033906975
48067950200,0.04021322000515311
48067950300,0.07122164241071012
48067950400,0.07122164241071012
48067950500,0.03549694714834668
48067950600,0.053722674283116174
48067950700,0.030768539932280098
48069950100,0.01481577638504986
48069950200,0.018814989011646136
48069950300,0.012210387437611174
48071710100,0.022261764731836817
48071710200,0.019133844046324372
48071710300,0.020516742225849764
48071710401,0.01834594075369671
48071710500,0.010782788449441149
48071710600,0.012732628421021401
48071990000,0.010894051328805183
48073950100,0.07088053952027505
48073950200,0.1500009789096124
48073950300,0.1184476436547377
48073950400,0.12273544080148488
48073950500,0.10426037201980709
48073950600,0.11879380342091278
48073950700,0.11850544466809251
48073950801,0.10913917243894225
48073950802,0.08428412185812066
48073950900,0.0931826579789557
48073951000,0.12653134986604325
48073951100,0.14484806454858007
48075950100,0.04462923313819856
48075950200,0.04837946447642262
48077030200,0.02500973548242895
48077030301,0.01867669031507524
48077030302,0.013364288042545892
48079950100,0.014207367169984674
48081950100,0.05695530943266751
48081950200,0.03486800473993095
48083950300,0.06063478666975858
48083950600,0.03977887827752253
48083950700,0.04413635760998538
48085030100,0.013176090392358581
48085030201,0.015219700484784058
48085030202,0.012447484293048835
48085030203,0.014941241074889451
48085030301,0.018199638278454368
48085030302,0.019581153052332816
48085030303,0.021576316583113337
48085030304,0.022468541234245774
48085030305,0.01577763185698058
48085030403,0.025074637038571053
48085030404,0.024708941664466973
48085030405,0.025306854001835317
48085030406,0.026193687268709978
48085030407,0.025903228139484036
48085030408,0.02540280848385514
48085030504,0.02826728890940048
48085030505,0.029078146666686434
48085030506,0.02711562045434156
48085030507,0.02619014581769425
48085030508,0.026170570033657716
48085030509,0.02560956068229879
48085030510,0.025244138786284353
48085030511,0.025494747526994592
48085030512,0.025785342659642704
48085030513,0.025724860202069988
48085030514,0.02586718426604403
48085030515,0.0248562660858677
48085030516,0.024005400167682166
48085030517,0.024201346260446656
48085030518,0.023671756463598655
48085030519,0.02382884279059465
48085030520,0.022795230424127927
48085030521,0.02192933644314746
48085030522,0.0229458482196093
48085030523,0.022811946464397024
48085030524,0.021439065970903462
48085030525,0.022664465792607617
48085030526,0.022471440672990343
48085030527,0.022339312129029384
48085030528,0.022997290989132516
48085030529,0.023319439164380753
48085030530,0.024576479797265877
48085030531,0.02284126677083008
48085030601,0.024620157654921405
48085030603,0.02312294452055525
48085030604,0.022261605047693252
48085030605,0.023147537143469208
48085030701,0.021790264459333304
48085030702,0.02286703951643646
48085030801,0.024793894649412854
48085030802,0.022934525164686023
48085030900,0.02302065258623483
48085031001,0.014345264204283793
48085031003,0.01763774820270827
48085031004,0.017302523547347376
48085031100,0.01324486385194886
48085031201,0.012847648073517098
48085031202,0.01267347221501659
48085031308,0.016403368650837868
48085031309,0.01868498121131321
48085031310,0.017110848207660706
48085031311,0.017732122012058826
48085031312,0.02496980364446152
48085031313,0.021874136951604645
48085031314,0.016639974913918533
48085031315,0.02070213732346215
48085031316,0.02403333681190159
48085031317,0.020516231276965474
48085031405,0.02567395051727614
48085031406,0.023164982366059964
48085031407,0.01826696353530699
48085031408,0.021093550555267276
48085031409,0.02517208692275351
48085031410,0.02324373174724767
48085031411,0.01943328155990043
48085031504,0.023130611350696013
48085031505,0.026568102443035202
48085031506,0.026796171860239935
48085031507,0.025956190118250375
48085031508,0.026312541076194115
48085031611,0.027344623795254423
48085031612,0.028394571066260414
48085031613,0.02786988512892368
48085031621,0.030717718969793813
48085031622,0.027416938139120984
48085031623,0.029966656049192443
48085031624,0.029469689941195837
48085031625,0.02851414243780194
48085031626,0.029791938330948765
48085031627,0.028214150460132578
48085031628,0.02732690277247713
48085031629,0.02827518615597729
48085031630,0.02638093414616876
48085031631,0.026572452239289068
48085031632,0.02722010437014971
48085031633,0.02578306055427875
48085031634,0.025882210843827823
48085031635,0.027601569185652326
48085031636,0.02668349437246168
48085031637,0.02633306796090477
48085031638,0.026690142105196525
48085031639,0.026662045804483468
48085031640,0.02676356298811363
48085031641,0.026738443049133996
48085031642,0.025547932312185488
48085031643,0.026681174059912802
48085031645,0.03153923182968485
48085031646,0.029883194436633405
48085031647,0.03089785384528349
48085031648,0.030424633672270995
48085031649,0.031211677778675503
48085031652,0.027356319376464596
48085031653,0.028733910225227616
48085031654,0.02907762328449066
48085031655,0.029470102714383203
48085031656,0.030753844447050493
48085031657,0.030442910846413672
48085031658,0.02930338996858035
48085031659,0.027290010592489998
48085031660,0.027439913602668634
48085031661,0.026892641175059285
48085031662,0.027187536502948802
48085031663,0.02653487681476091
48085031664,0.02715235560827561
48085031704,0.03303164357760738
48085031706,0.032176124148963335
48085031708,0.03180732965909076
48085031709,0.03178009438018634
48085031711,0.0329862074174585
48085031712,0.03319395744615263
48085031713,0.03287051579355114
48085031714,0.031910647303488436
48085031715,0.03060441071134908
48085031716,0.03143203825382698
48085031717,0.03232668350072332
48085031718,0.03188806562804096
48085031719,0.03196494558921029
48085031720,0.03217772114422452
48085031802,0.03067983432714884
48085031804,0.030251929902059216
48085031805,0.0319777995563637
48085031806,0.03181448325729444
48085031807,0.030851670022731724
48085031900,0.029632805006879474
48085032003,0.02872425243597513
48085032004,0.027549293424377994
48085032008,0.02600071855403851
48085032009,0.028052011330752184
48085032010,0.026504371681927832
48085032011,0.025360739585250824
48085032012,0.02829939804376381
48085032013,0.028860205385307917
48087950300,0.03807528518004884
48089750100,0.012921869955576808
48089750200,0.011438416920822874
48089750300,0.016304368363713708
48089750400,0.012447623202607564
48089750500,0.017779867216436658
48091310100,0.021727593941592446
48091310200,0.02070105655728854
48091310300,0.020627116786120305
48091310401,0.02275861495379115
48091310403,0.022679258568225717
48091310404,0.022267826952618044
48091310501,0.022612697473501354
48091310502,0.022319554406226058
48091310503,0.02117028403346596
48091310603,0.010929512791082244
48091310604,0.007382860925661521
48091310605,0.007209214856526507
48091310606,0.00955720843389465
48091310607,0.009813047943151475
48091310608,0.009124645153614922
48091310701,0.011758935043292673
48091310702,0.010831903462513738
48091310703,0.013108851890207773
48091310704,0.01449362314115255
48091310801,0.012906891591823073
48091310802,0.019447019453380197
48091310901,0.014741793771107351
48091310902,0.020476505114322502
48091310903,0.0121529774858808
48093950100,0.017881301795283983
48093950200,0.03873983699195664
48093950300,0.03525799009925329
48093950400,0.01502294288482429
48095950300,0.18538560297441956
48097000100,0.004621021996644747
48097000200,0.007705419126402968
48097000400,0.01285747178446121
48097000500,0.014109442650442632
48097000600,0.011733042389495475
48097000700,0.006390496480715397
48097000900,0.008073127157353236
48097001100,0.009744706899673885
48099010101,0.00956499140174017
48099010102,0.007061516798655916
48099010201,0.013520529909548362
48099010202,0.011757266514902987
48099010300,0.01384810228863649
48099010400,0.010446053673018466
48099010501,0.010273484688742816
48099010502,0.011471348475755865
48099010503,0.01403078109985225
48099010504,0.011043857942457012
48099010601,0.011069004835736211
48099010603,0.010225895185475859
48099010604,0.006288485774993438
48099010701,0.00840593685333776
48099010702,0.008744419260536646
48099010802,0.010599454044591474
48099010803,0.009074121522527288
48099010804,0.011309971711425958
48099980000,0.010190194119576548
48101950100,0.0077658127081603
48103950100,0.014274219424625156
48105950100,0.1387202443757718
48107950100,0.013468405756841554
48107950200,0.018479872671319078
48107950300,0.02836297690407604
48109950300,0.21903478883677635
48111950100,0.01405876866855468
48111950300,0.04398791994948506
48113000100,0.03034839612815234
48113000201,0.0349121016769582
48113000202,0.03539325579961339
48113000300,0.03707912665905642
48113000401,0.03645853795885269
48113000404,0.03616960226684894
48113000405,0.03797761251517688
48113000406,0.035469155813255215
48113000500,0.03883457699227984
48113000601,0.0372857487140485
48113000603,0.03799727994022353
48113000605,0.0390182720465165
48113000606,0.040032746172454996
48113000701,0.03899910315520997
48113000702,0.038408522705048284
48113000800,0.03703529774620845
48113000900,0.03689554046706742
48113001001,0.03676966785474877
48113001002,0.03637217586678133
48113001101,0.03598480394567335
48113001102,0.035572260689255814
48113001202,0.03196764465993238
48113001203,0.03191011010158767
48113001204,0.032517899476852
48113001301,0.03328042600574012
48113001302,0.03478732925969774
48113001400,0.034105128309299515
48113001502,0.03505911297359565
48113001503,0.035043603699887495
48113001504,0.03501913070827376
48113001600,0.03841066687549654
48113001701,0.04055339263013991
48113001703,0.03925300031212748
48113001704,0.03914802636713732
48113001800,0.03895035469884339
48113001900,0.039142711475476266
48113002000,0.035262131225057974
48113002100,0.03847705501267852
48113002200,0.03606765989312815
48113002400,0.03435604897886386
48113002500,0.032660189521776066
48113002701,0.03122986603663466
48113002702,0.032503526497043994
48113003101,0.038388569853748666
48113003400,0.03520397681503841
48113003700,0.03314571737286989
48113003800,0.03243143325958098
48113003901,0.03186995722743921
48113003902,0.030871666631090408
48113004000,0.02827505845578735
48113004100,0.03368265148671146
48113004201,0.03348421581088104
48113004202,0.032770685575179564
48113004300,0.03482154409744398
48113004400,0.03429029725182762
48113004500,0.032057460254955594
48113004600,0.033000438268024276
48113004700,0.03353124364836368
48113004800,0.03372933186771573
48113004900,0.03305274711237756
48113005000,0.03337526648163565
48113005100,0.03254603998584555
48113005200,0.03265960224608291
48113005300,0.03255097722228276
48113005400,0.032096672456737335
48113005500,0.0320305559725116
48113005600,0.03162336913740546
48113005700,0.028398413490381486
48113005901,0.027455872398401204
48113005902,0.028153659175500684
48113006001,0.030022649609502683
48113006002,0.028124114021071914
48113006100,0.02815913326750359
48113006200,0.03183107171987303
48113006301,0.030383847775503448
48113006302,0.03132752091229682
48113006401,0.030461010552358843
48113006402,0.030816188354171086
48113006501,0.030022231736555067
48113006502,0.029036982507531738
48113006700,0.03155993917375703
48113006800,0.03337270463922273
48113006900,0.03481706799241063
48113007101,0.03476176561119592
48113007102,0.03464186096522251
48113007201,0.0330059029983883
48113007202,0.03266033527235331
48113007301,0.03660344366696885
48113007302,0.03342379246416668
48113007601,0.03491451805922944
48113007604,0.03592042651968994
48113007605,0.034990371701832744
48113007700,0.03654000185575721
48113007801,0.03681862347789196
48113007804,0.03510453593327092
48113007805,0.03339733079664804
48113007809,0.033003670122053616
48113007810,0.03363899208721205
48113007811,0.03294614004705489
48113007812,0.034943423110643926
48113007815,0.0350151633858703
48113007818,0.033033263145504435
48113007819,0.03575207728563445
48113007820,0.03352760304110709
48113007821,0.03431071928003021
48113007822,0.03499928236381773
48113007823,0.03532209767384352
48113007824,0.03325088841115482
48113007825,0.0329440317253668
48113007826,0.032804069921617204
48113007827,0.03172962819555948
48113007902,0.03416423206686188
48113007903,0.03567493988883155
48113007906,0.03525677274045409
48113007909,0.03527702699097155
48113007910,0.035290605852492246
48113007911,0.03501668060124907
48113007912,0.03676530257378807
48113007913,0.036227352559567244
48113007914,0.03625101608486398
48113008000,0.03007473578225303
48113008100,0.029542180787951084
48113008200,0.02943825655690381
48113008400,0.029297708257235374
48113008500,0.02700088067294881
48113008603,0.03040289883331831
48113008604,0.02950740423130262
48113008701,0.02775799289466295
48113008703,0.027698322568189084
48113008704,0.025949616185618186
48113008705,0.026484929465503324
48113008801,0.02920836696726531
48113008802,0.028957187257471092
48113008900,0.032790281249408
48113009000,0.025460044538692016
48113009101,0.02611124485561451
48113009103,0.026247353110249883
48113009104,0.02574747064645102
48113009105,0.025889969097882673
48113009201,0.02430401626103894
48113009202,0.025114332923984063
48113009301,0.02529046233821565
48113009303,0.026791515468387674
48113009304,0.02769639222984123
48113009401,0.032907185006377605
48113009402,0.0328194980778729
48113009500,0.035634906453039884
48113009603,0.03535547335002421
48113009604,0.03676506524194485
48113009605,0.03418010955430874
48113009607,0.0334770838247331
48113009608,0.03520040381483211
48113009609,0.033410107458590195
48113009610,0.03421152693724165
48113009611,0.034048342315273296
48113009701,0.03332813932213692
48113009702,0.03358376782673881
48113009802,0.033165510428898336
48113009803,0.03261251333993945
48113009804,0.032076120345394796
48113009900,0.03467337850466228
48113010000,0.037646070503891155
48113010101,0.03541207866725589
48113010102,0.03529438713403432
48113010500,0.034213976863826684
48113010601,0.032064286248794954
48113010602,0.033332739655307135
48113010701,0.03443525823536196
48113010703,0.029474200785820283
48113010704,0.030481665045168117
48113010801,0.029018749775567926
48113010803,0.028554159168127303
48113010804,0.027933575739517373
48113010805,0.028368732926363896
48113010902,0.028031654644300005
48113010903,0.029748939713145826
48113010904,0.029083972253215202
48113011001,0.02872543725336108
48113011002,0.028036650811183596
48113011101,0.02727327539426061
48113011103,0.027935110540299863
48113011104,0.027056153520561926
48113011105,0.02731937595768067
48113011200,0.02769531995925356
48113011300,0.02512266084219562
48113011401,0.02582787752095973
48113011500,0.02819296518174233
48113011601,0.023227386607298426
48113011602,0.024143661376901857
48113011701,0.02405249844057064
48113011702,0.024602857700199786
48113011800,0.023913830596819653
48113011900,0.024361459425631043
48113012000,0.023682235809925335
48113012100,0.02349507494236899
48113012204,0.029266776526307582
48113012206,0.028453831114875566
48113012207,0.028517637563464846
48113012208,0.03115173229292969
48113012209,0.029786459666085202
48113012210,0.0290915233797886
48113012211,0.029129514267502175
48113012301,0.027697832049987818
48113012302,0.028729660159636405
48113012400,0.027754056171823478
48113012500,0.02608713711676847
48113012601,0.02895441561883382
48113012603,0.02671527870905229
48113012604,0.027215353057902996
48113012701,0.02728766788706382
48113012702,0.026808728185800032
48113012800,0.029687644284717176
48113012900,0.031077528213568767
48113013004,0.03143143091479692
48113013005,0.03094440343978969
48113013007,0.030852439842319047
48113013008,0.03212834276055702
48113013009,0.03186479656781042
48113013010,0.03039063147853287
48113013011,0.03125766828778001
48113013101,0.0333207490766161
48113013102,0.03716150525603743
48113013104,0.03478923792137296
48113013105,0.03525500943247076
48113013200,0.03466598328836568
48113013300,0.03575874806457714
48113013400,0.036042119924655086
48113013500,0.03441807858697151
48113013605,0.03205796804844206
48113013606,0.032087361253147574
48113013607,0.03219645793751564
48113013608,0.03479331371975955
48113013609,0.03486100906784178
48113013610,0.03537566167706714
48113013611,0.033745826919238706
48113013615,0.0357856257470498
48113013616,0.03524221695687816
48113013617,0.03182930025054275
48113013618,0.03181900575951774
48113013619,0.03172529699650653
48113013620,0.03481494923233814
48113013621,0.03391880468271466
48113013622,0.03344888497908052
48113013623,0.034956442595084306
48113013624,0.035059153519988756
48113013625,0.03555298180891526
48113013626,0.03637204301966289
48113013711,0.03203221311336759
48113013712,0.033669605899429585
48113013713,0.03245816114800028
48113013714,0.03263818566327581
48113013715,0.032818980708946524
48113013716,0.03467022436807979
48113013717,0.03165457343009491
48113013718,0.033129997425518545
48113013719,0.0317869406786226
48113013720,0.03224522542893206
48113013721,0.031389599343161
48113013722,0.03149401381498858
48113013725,0.03296677039021661
48113013726,0.03253217905567734
48113013727,0.033633424276439575
48113013803,0.03267476283139583
48113013804,0.03459395352215492
48113013805,0.03483335275234201
48113013806,0.035039056146596005
48113013901,0.03195691840231663
48113013902,0.03376487172417086
48113014001,0.034205900589646385
48113014002,0.03238402661562792
48113014103,0.032160369194276485
48113014113,0.032781548462658995
48113014114,0.031580496738110725
48113014115,0.03297049142114064
48113014116,0.03315596198367783
48113014119,0.02900748185817405
48113014120,0.029111875392900267
48113014121,0.029586111910591777
48113014123,0.029598528349357844
48113014124,0.03141720637740054
48113014126,0.03125475095389533
48113014127,0.02983262294664607
48113014128,0.030789362568030717
48113014129,0.030788738663464377
48113014130,0.031526174839082814
48113014131,0.030564215205431712
48113014132,0.028711423817086523
48113014133,0.03150304852443449
48113014134,0.03058355712868901
48113014135,0.029913285829987063
48113014136,0.03336568599309269
48113014137,0.032231858295183415
48113014138,0.03129395811946137
48113014203,0.033704076847052775
48113014204,0.03411615204212726
48113014205,0.033158657535735186
48113014206,0.034548608610500776
48113014302,0.03391720302690105
48113014306,0.03300977430917438
48113014307,0.03377412387193612
48113014308,0.03399206415898514
48113014309,0.031443083957487045
48113014310,0.031248579298646814
48113014311,0.031556934033883835
48113014312,0.03244259213610216
48113014403,0.031694463249643784
48113014405,0.03461202579735108
48113014406,0.03137380308880577
48113014407,0.032884097167612356
48113014408,0.031631436442927006
48113014501,0.03336377590669777
48113014502,0.033536171987303263
48113014601,0.033865979024239275
48113014602,0.03313113962324064
48113014603,0.03289994025819842
48113014701,0.034283568011734926
48113014702,0.03422318676685462
48113014703,0.033909051491081546
48113014901,0.03280045767063181
48113014902,0.03356799009399387
48113015000,0.03217224224308852
48113015100,0.03236739153448984
48113015202,0.03299637014183989
48113015204,0.02982551067589025
48113015205,0.031932106089790156
48113015206,0.030098219627980358
48113015303,0.03229410076156713
48113015304,0.030427210396214183
48113015305,0.02995433836530202
48113015306,0.028808890552772803
48113015401,0.030239299449927655
48113015403,0.030659399741567655
48113015404,0.03148248576815662
48113015500,0.030489465630274912
48113015600,0.03122216009290026
48113015700,0.03172884899531975
48113015800,0.030140490973154358
48113015900,0.026755728100278705
48113016001,0.030360932632946303
48113016002,0.029206231869476865
48113016100,0.031092794661144646
48113016201,0.02818882009037353
48113016202,0.028663647811714453
48113016301,0.025949036509763705
48113016302,0.026476758058183416
48113016401,0.030013022009897493
48113016406,0.028054957571612187
48113016407,0.027782297334801722
48113016408,0.027687717278630744
48113016409,0.02933034709239873
48113016410,0.02904988025250599
48113016411,0.021216745881816997
48113016412,0.027454203703046957
48113016413,0.026681438987215762
48113016502,0.028447689346548694
48113016509,0.02555348002786658
48113016510,0.02540065961832159
48113016511,0.025061435995959287
48113016513,0.025936794662504852
48113016514,0.024923935276536018
48113016516,0.027440925923173865
48113016517,0.025657655957862777
48113016518,0.02673008786505592
48113016519,0.026534142719580954
48113016520,0.0269088386341367
48113016521,0.028172145349745093
48113016522,0.021342186162289327
48113016523,0.02004754198207067
48113016605,0.0252205636591953
48113016606,0.025555707811878013
48113016607,0.02941382458156036
48113016610,0.02412682227593926
48113016611,0.021659678713850175
48113016612,0.023088238992748224
48113016615,0.02144886751115197
48113016616,0.020157285820303582
48113016617,0.024040903787153744
48113016618,0.023330252248043287
48113016619,0.024304100910366604
48113016620,0.022956081644660675
48113016621,0.020146523045562754
48113016622,0.01931054892103261
48113016623,0.019882391384617278
48113016624,0.019744834569919174
48113016625,0.023902941671586807
48113016626,0.023360022469426117
48113016701,0.024761314009443966
48113016703,0.02428224978798043
48113016704,0.02180297078300451
48113016705,0.020999818999109278
48113016802,0.01771821622203293
48113016803,0.01991556422414782
48113016804,0.02142378943252123
48113016902,0.021772252847501897
48113016903,0.018252238159708892
48113017001,0.015356538233516688
48113017003,0.017789645970070777
48113017004,0.019971287361761455
48113017101,0.02152704080675414
48113017102,0.020336223727112527
48113017201,0.024324263740719238
48113017202,0.024231364275518155
48113017301,0.021219045771011576
48113017303,0.02030175338871009
48113017304,0.018654107209617767
48113017305,0.018594871999928
48113017306,0.019705842931853092
48113017400,0.021736603435173363
48113017500,0.022549973216318943
48113017602,0.024232078184716833
48113017604,0.0235597299246115
48113017605,0.02322562203253085
48113017606,0.02278909471171826
48113017702,0.02307169810050183
48113017703,0.025212858810256093
48113017704,0.023762997131075457
48113017804,0.027074508712008713
48113017805,0.027010789007395248
48113017806,0.02735747346828076
48113017807,0.02777485430029969
48113017808,0.02548465777555844
48113017811,0.02573359938851356
48113017812,0.025909374338741357
48113017813,0.02552663053468808
48113017814,0.02510940645232442
48113017900,0.027808650664256036
48113018001,0.026427829780369057
48113018002,0.026541473432368158
48113018104,0.019217064832155406
48113018105,0.024848205637395007
48113018110,0.02269814192952537
48113018111,0.023473887789051025
48113018118,0.0215002916768197
48113018120,0.023399646126441864
48113018121,0.02397735887588004
48113018122,0.01957012101327359
48113018123,0.024568695872940447
48113018124,0.019555372621873096
48113018126,0.025505503146334315
48113018127,0.02682116855850516
48113018128,0.025302679252614032
48113018129,0.02465402646431136
48113018130,0.025788398242083482
48113018132,0.022305978210010735
48113018133,0.02250923995319265
48113018134,0.01903488121270619
48113018135,0.021572687750474457
48113018136,0.021126913816527784
48113018137,0.021061500492669083
48113018138,0.02334674611699744
48113018139,0.021336506478019573
48113018140,0.020311984539433718
48113018141,0.02065998405845147
48113018142,0.02044217205573195
48113018203,0.02396005590459772
48113018204,0.024574425805189565
48113018205,0.0243089815343078
48113018206,0.025514186333085005
48113018300,0.02564857553734808
48113018401,0.027560469369005115
48113018402,0.025151046510720036
48113018403,0.029613821494895352
48113018501,0.026404519861531375
48113018503,0.03297611226898408
48113018505,0.032505023550480565
48113018506,0.030349787722917056
48113018600,0.025308217810617734
48113018700,0.025093827134544416
48113018801,0.024853790382791383
48113018802,0.025312312785223928
48113018900,0.025224316504850235
48113019004,0.028612496743956807
48113019013,0.028307438188090922
48113019014,0.027538530643481208
48113019016,0.03528255215333056
48113019018,0.02874972646559666
48113019019,0.029371595351983852
48113019020,0.02592520896525186
48113019021,0.025807289173709187
48113019023,0.02819990944599749
48113019024,0.028830659203660385
48113019025,0.02477515561739372
48113019026,0.025126171727835277
48113019027,0.025830793959547273
48113019028,0.02689771683301951
48113019029,0.026252208175337844
48113019031,0.028481792181384857
48113019032,0.028498194817065756
48113019033,0.029585748229895056
48113019034,0.029995386369497893
48113019035,0.03163400107407068
48113019036,0.029355015585462673
48113019037,0.02913458363082585
48113019038,0.031007028128478366
48113019039,0.029836577950807804
48113019040,0.033137389884723506
48113019041,0.03183487253127853
48113019042,0.027462430485092088
48113019043,0.023886237997520446
48113019100,0.032183077300259114
48113019202,0.03309925854845465
48113019203,0.03162622478407344
48113019204,0.033964551728731265
48113019205,0.032148982004211846
48113019206,0.03050343737702315
48113019208,0.035589583357650764
48113019210,0.030171592117371547
48113019211,0.03207813985171443
48113019212,0.03524406208061334
48113019213,0.03440161307754
48113019301,0.03542852566820747
48113019302,0.0358808148553318
48113019400,0.03577777753446593
48113019501,0.03639549530796606
48113019502,0.035743220959967265
48113019600,0.037306492914033026
48113019700,0.03564668209049413
48113019800,0.03621417082703387
48113019900,0.03336064613158242
48113020000,0.029106923259733342
48113020100,0.03401487723694988
48113020200,0.025322904696661985
48113020300,0.03456079464048696
48113020400,0.03665121081698076
48113020500,0.03523975823611409
48113020600,0.036613520804796684
48113020700,0.0319650026400448
48113980000,0.027971113282760775
48113980100,0.03421264364038494
48115950401,0.02907931940381471
48115950402,0.03230677721584324
48115950500,0.03248462022811556
48115950600,0.03248462022811556
48117950300,0.031024460525896247
48117950400,0.031024460525896247
48117950500,0.03449965276766766
48117950600,0.011898019164328321
48119950100,0.046983217677173734
48119950200,0.041069418244169466
48121020103,0.01186363661917176
48121020104,0.014278240184894413
48121020105,0.01760834028649265
48121020106,0.01808313335924978
48121020107,0.018992967474268495
48121020108,0.018369372610161257
48121020109,0.022132957393698832
48121020110,0.022991610023275544
48121020111,0.023215570428344136
48121020112,0.023197996505043166
48121020113,0.02173977873115518
48121020114,0.020548749857614457
48121020115,0.02011056882456007
48121020202,0.012107761518396317
48121020203,0.012719016921543033
48121020204,0.011889865863228433
48121020205,0.014560844388559327
48121020303,0.02089053973824412
48121020305,0.022843060846882344
48121020306,0.023201733019637617
48121020307,0.02427239266252847
48121020308,0.02135512589757444
48121020309,0.012940987124935707
48121020310,0.017237529264062183
48121020401,0.020833735132208684
48121020402,0.021770112747074837
48121020403,0.022546049467761228
48121020503,0.01927023110073105
48121020504,0.01661598346331862
48121020505,0.020730869764313188
48121020506,0.01757789966725081
48121020601,0.0219809441900854
48121020602,0.02110592200783289
48121020700,0.023337361508127114
48121020800,0.019972343451299536
48121020900,0.023827758807595835
48121021000,0.022635390014458405
48121021100,0.022026040218485622
48121021201,0.021390395366698043
48121021202,0.021660230896610396
48121021301,0.022146893850540805
48121021303,0.02092718081201091
48121021304,0.020747026324873144
48121021305,0.02105929114493339
48121021403,0.023455822000776113
48121021404,0.01985665965567285
48121021405,0.0180735795845628
48121021406,0.019888261102208975
48121021407,0.020195846163924443
48121021408,0.021290994105663798
48121021409,0.021086838437527584
48121021502,0.026790681505807993
48121021505,0.025425665079554582
48121021512,0.019351260376079493
48121021513,0.021962270740572987
48121021514,0.020151889118694144
48121021515,0.019307065952977858
48121021516,0.023569929161949162
48121021517,0.025237527063812555
48121021518,0.026955531287455106
48121021519,0.02777544257018742
48121021520,0.026023130913790004
48121021521,0.02574015058110139
48121021522,0.02375064259866215
48121021523,0.025880436398657652
48121021524,0.024516565931141442
48121021525,0.02349635188728589
48121021526,0.025116418865664743
48121021527,0.023343540618978774
48121021611,0.030635239047378873
48121021612,0.02952362413299171
48121021613,0.029828301636265136
48121021614,0.03045106026750757
48121021615,0.031202550768100117
48121021616,0.031616810910809985
48121021618,0.028714950258018398
48121021619,0.030260510958959163
48121021620,0.030745086983777654
48121021621,0.031117066796835034
48121021622,0.02965072918821394
48121021623,0.03074057954741045
48121021624,0.027668368952858766
48121021625,0.02881763499189672
48121021626,0.029568723234518177
48121021627,0.030806247338856275
48121021628,0.02935037399584219
48121021629,0.028648033102919933
48121021630,0.029041955026065006
48121021631,0.029119957968509858
48121021632,0.03206172023271977
48121021633,0.02957912971546343
48121021634,0.03328667662350668
48121021635,0.03155457532162572
48121021636,0.03253295109428549
48121021637,0.03178792926423914
48121021638,0.03139284892099423
48121021715,0.024756602684496327
48121021716,0.02803445946036514
48121021717,0.025535552137250127
48121021718,0.019785012428163197
48121021719,0.019686612631075632
48121021720,0.023493491968566198
48121021721,0.023500955160613294
48121021722,0.02464365114807384
48121021723,0.026281537093233037
48121021724,0.0235483067559827
48121021725,0.024083602720209957
48121021726,0.025077368351587376
48121021727,0.027257138164333516
48121021728,0.030705201757640216
48121021729,0.026524117920390045
48121021730,0.026532792011073864
48121021731,0.02784066152984009
48121021732,0.031026045992603155
48121021733,0.03083480162443223
48121021734,0.03147796952604688
48121021735,0.03182894249622524
48121021736,0.031443700117316335
48121021737,0.03138541035199243
48121021738,0.032626429475482215
48121021739,0.031626009069945483
48121021740,0.02887543107734472
48121021741,0.028659933242013515
48121021742,0.02590235809448692
48121021743,0.027228223211275104
48121021744,0.027698659203107795
48121021745,0.02871899399158101
48121021746,0.020406910705616413
48121021747,0.0225117097315593
48121021748,0.023039662201276526
48121021749,0.020828144042519845
48121021750,0.021652173010666843
48121021751,0.022000477811281963
48121021752,0.02396774585524333
48121021753,0.021801122707216316
48121021800,0.02903352060091793
48121021900,0.024500962958692085
48123970100,0.15541663018893884
48123970200,0.1785169152229538
48123970300,0.28330070576641525
48123970400,0.1384513691825435
48123970500,0.09640041823116854
48125950300,0.0
48127950200,0.009416571688956089
48127950400,0.01898661286232783
48129950200,0.016635442163784337
48129950300,0.005056023778881192
48131950100,0.0021038016464760513
48131950200,0.0031982858794403365
48131950500,0.0025676890034940264
48133950100,0.016165648568185358
48133950200,0.04937316405875185
48133950300,0.04451833944009101
48133950400,0.0396727534532536
48133950500,0.013335281657385234
48135000100,0.024214682936712726
48135000300,0.025606041172310547
48135000400,0.03316709969276676
48135000500,0.030786961828060032
48135000600,0.030786961828060032
48135000700,0.030786961828060032
48135000800,0.028639157374102647
48135001000,0.028639157374102647
48135001100,0.0312352278315015
48135001300,0.0312352278315015
48135001500,0.033615365696208224
48135001600,0.03316709969276676
48135001700,0.03316709969276676
48135001800,0.033615365696208224
48135001900,0.033615365696208224
48135002000,0.0312352278315015
48135002200,0.01859439520106147
48135002300,0.03316709969276676
48135002400,0.03013398349097466
48135002501,0.024214682936712726
48135002502,0.026682152491484933
48135002503,0.029062290356191657
48135002700,0.01927491358298184
48135002801,0.019606102318369584
48135002802,0.024959977310740702
48135002900,0.03220936290552305
48135003000,0.02636248739067011
48135003100,0.033615365696208224
48137950300,0.0
48139060101,0.01799098655595767
48139060102,0.01208701928217049
48139060204,0.01728526209241051
48139060206,0.01823354028397637
48139060207,0.015540526107347186
48139060208,0.015337104233546348
48139060209,0.015052386517658004
48139060210,0.01359970655940634
48139060211,0.01611782174207407
48139060212,0.015329978211044438
48139060213,0.013533994701852183
48139060214,0.015999538365019057
48139060300,0.016432884557525756
48139060400,0.012841976354626698
48139060500,0.013938308333237694
48139060600,0.01615429995289708
48139060701,0.018065957795590244
48139060702,0.0179572940656137
48139060703,0.020143793114328512
48139060801,0.016275460398462876
48139060802,0.013977850919480402
48139060803,0.018924208051105184
48139060900,0.009507998451916995
48139061000,0.009167210333186133
48139061100,0.011022186195880612
48139061200,0.008126179469809976
48139061300,0.01566855035502131
48139061400,0.014717937899829954
48139061500,0.015299166119095958
48139061600,0.015252592911168964
48139061700,0.01052939284715166
48141000101,0.017325511956915684
48141000106,0.017325511956915684
48141000107,0.01622175712567982
48141000108,0.016843697544441844
48141000109,0.017947452375677707
48141000110,0.017960576257063834
48141000111,0.019379160017665525
48141000112,0.017325511956915684
48141000204,0.019610089402040322
48141000205,0.020067388599437515
48141000206,0.019141750113050433
48141000207,0.017556441341290484
48141000208,0.015181012461016517
48141000301,0.02230549587243052
48141000302,0.021368521374317682
48141000401,0.019562572519579123
48141000403,0.02270963078820387
48141000404,0.02270963078820387
48141000600,0.025652937163212212
48141000800,0.02544601326298402
48141000900,0.026181438415599376
48141001001,0.030849448655606872
48141001002,0.028780217024418277
48141001104,0.022467501500761322
48141001107,0.022014411663804533
48141001109,0.021473169052627177
48141001110,0.02288832390729001
48141001111,0.02288832390729001
48141001112,0.022265365628165945
48141001113,0.023008744111938675
48141001114,0.02288832390729001
48141001115,0.0276285368575289
48141001201,0.022256268392205104
48141001202,0.022256268392205104
48141001203,0.022256268392205104
48141001301,0.019264038470455106
48141001302,0.022256268392205104
48141001400,0.027984451020345653
48141001501,0.028704347101042974
48141001502,0.02870973297196929
48141001600,0.031191142925947806
48141001700,0.031191142925947806
48141001800,0.031191142925947806
48141001900,0.030787008010174456
48141002000,0.03130851158078819
48141002100,0.030787008010174456
48141002201,0.030787008010174456
48141002202,0.030787008010174456
48141002300,0.030849448655606872
48141002400,0.031370952226220605
48141002500,0.028737089363525675
48141002600,0.03139026521076042
48141002800,0.03130851158078819
48141002900,0.031327824565328004
48141003000,0.031327824565328004
48141003100,0.02768708454052478
48141003200,0.0280515917946906
48141003300,0.028737089363525675
48141003402,0.02858260732555559
48141003403,0.027608364550984508
48141003404,0.023560023357670486
48141003501,0.027608364550984508
48141003502,0.021775186855263026
48141003601,0.02768708454052478
48141003602,0.027344983615498208
48141003701,0.02754207638797453
48141003702,0.025611966538465415
48141003801,0.021924618847003162
48141003803,0.021775186855263026
48141003804,0.021775186855263026
48141003901,0.02086943739592531
48141003902,0.020187655047845036
48141003903,0.021775186855263026
48141004002,0.017472286007510527
48141004003,0.017487332458413832
48141004004,0.017620040125883626
48141004103,0.020373308102095977
48141004104,0.019489225035290547
48141004105,0.021775186855263026
48141004106,0.021960839909513964
48141004107,0.022471845033593858
48141004201,0.021775186855263026
48141004202,0.023588321726909327
48141004303,0.02244531849857867
48141004307,0.020256678715327086
48141004309,0.02175352046273074
48141004310,0.02262304885955765
48141004311,0.02244531849857867
48141004312,0.022471845033593858
48141004313,0.022471845033593858
48141004314,0.018319660041346136
48141004316,0.020256678715327086
48141004317,0.022473616867817514
48141004318,0.022651347228796494
48141004319,0.018145223985242088
48141004320,0.017620040125883626
48141010101,0.005254155401189876
48141010102,0.025737661706475845
48141010103,0.027411271778508182
48141010203,0.010941851148457736
48141010207,0.014420881907697638
48141010210,0.014549974806293659
48141010211,0.01622175712567982
48141010212,0.014420881907697638
48141010213,0.01766581053220576
48141010214,0.01766581053220576
48141010215,0.018175638176280838
48141010216,0.018696387198926655
48141010217,0.019264038470455106
48141010218,0.016508935602499438
48141010219,0.01766581053220576
48141010220,0.010822296970214272
48141010221,0.013480432597152486
48141010222,0.013265984976314454
48141010303,0.022257893610104072
48141010307,0.022257893610104072
48141010311,0.02291578513693233
48141010312,0.02291578513693233
48141010316,0.020422804133305588
48141010317,0.018977551568174395
48141010319,0.006125792001395931
48141010322,0.020895042605882902
48141010323,0.01879189851392345
48141010324,0.017959570930991146
48141010325,0.01809227859846094
48141010326,0.018977551568174395
48141010327,0.018977551568174395
48141010328,0.018145223985242088
48141010329,0.017959570930991146
48141010330,0.017959570930991146
48141010331,0.01793127256175231
48141010332,0.00979676249351594
48141010333,0.009728607988616085
48141010334,0.008820277094284096
48141010335,0.005807457085311049
48141010336,0.017487332458413832
48141010337,0.017525231394291674
48141010338,0.017395311869326326
48141010339,0.012349512290796132
48141010340,0.01004989139138162
48141010341,0.013441297954805309
48141010342,0.013013558845000495
48141010343,0.012723818542425932
48141010344,0.0048663331717618144
48141010345,0.01358160322966312
48141010346,0.014947471486477648
48141010347,0.011061587850167642
48141010401,0.016641148327486244
48141010404,0.011764932663555551
48141010405,0.014111379340123336
48141010406,0.010886124292232756
48141010407,0.010914422661471596
48141010408,0.012780766878128662
48141010409,0.015978048153198542
48141010501,0.008297728778202375
48141010502,0.0058757076076048674
48141010504,0.004774700996697246
48141010505,0.0057881441007712345
48141010506,0.0057881441007712345
48141010600,0.025068992947166066
48141980000,0.02184277812193514
48143950100,0.006623415832110761
48143950201,0.011865267707344742
48143950202,0.01292200692732008
48143950300,0.021104230708707154
48143950400,0.020972703434164453
48143950500,0.01631539785552689
48143950600,0.01726340412243819
48143950700,0.012241886706295562
48145000200,0.018152972526120213
48145000300,0.0270086980216019
48145000400,0.026337583714776992
48145000500,0.013885699554376064
48145000700,0.011883507234159197
48145000800,0.021186542600766217
48147950100,0.04144074044251572
48147950300,0.02233649185740693
48147950401,0.02365782286811485
48147950402,0.02342092033941075
48147950500,0.02695009131659151
48147950600,0.02018123795402097
48147950701,0.01913002705729188
48147950702,0.020205384890826027
48147950800,0.012153745466967498
48149970100,0.005575843491259833
48149970200,0.017142120606510963
48149970300,0.030715016961506372
48149970400,0.016448776529731902
48149970500,0.02829412468303312
48149970600,0.02412019883642779
48149970700,0.013492787976877581
48151950300,0.044037888000948544
48151950400,0.04074206155287328
48153950500,0.012464182944104651
48153950600,0.01621735256134978
48155950100,0.03278408431358706
48157670101,0.0381137809038939
48157670102,0.038259572913330236
48157670200,0.038287756287372174
48157670300,0.03930677598357202
48157670400,0.04192283658859453
48157670500,0.0417213058203973
48157670601,0.03544134640996893
48157670602,0.03855378870650423
48157670700,0.03196427710519836
48157670800,0.025215597591325946
48157670901,0.02913945720673451
48157670902,0.028477612084815154
48157671001,0.033163484147073034
48157671002,0.033136034310339686
48157671100,0.034956776679425886
48157671200,0.040868108410291405
48157671300,0.041954035234071554
48157671400,0.03619278127884545
48157671501,0.03383010762556905
48157671502,0.03324749733144438
48157671601,0.0376732164934151
48157671602,0.034295867202145294
48157671700,0.03673214407683409
48157671800,0.03589425015678128
48157671900,0.03756429145168335
48157672001,0.03764838822713795
48157672002,0.037288250637106876
48157672100,0.037386338307565374
48157672200,0.031308672319174335
48157672301,0.031760656935690024
48157672302,0.03122643490745039
48157672400,0.03308491246530303
48157672500,0.031383964112911604
48157672601,0.03004720961526928
48157672602,0.030358120743610457
48157672701,0.03133289349244983
48157672702,0.030737772223186337
48157672800,0.030464241856659878
48157672900,0.028964608968930435
48157673001,0.026622265110101566
48157673002,0.02893631987901477
48157673003,0.027014826864616693
48157673101,0.022480345366118093
48157673102,0.025889279638293974
48157673200,0.01589183704937145
48157673300,0.013607121526803226
48157673400,0.019662672430909803
48157673500,0.024856960993015854
48157673600,0.024485850341127456
48157673700,0.02464006674714562
48157673800,0.02643916485275759
48157673901,0.030268012428679852
48157673902,0.03221949137765576
48157674000,0.03219491648299553
48157674100,0.03143664149035178
48157674200,0.03140478548540137
48157674300,0.03184739504325235
48157674400,0.02732877385452553
48157674501,0.028568600082207147
48157674502,0.022816301004569214
48157674601,0.03033667121933306
48157674602,0.017569233096430745
48157674603,0.025790555688540256
48157674604,0.02670047585050145
48157674700,0.026838946187902533
48157674800,0.023386309596593668
48157674900,0.021297624693359135
48157675000,0.0203513008932406
48157675100,0.02498508836587845
48157675200,0.023122728397747976
48157675300,0.02081830888269659
48157675400,0.025374455109176224
48157675500,0.014962130195248675
48157675600,0.013573389248407036
48157675700,0.011440721314256531
48157675800,0.020173964849229422
48159950100,0.03449010352111924
48159950200,0.03854555040189991
48159950300,0.017945317757304582
48161000100,0.02286090448093863
48161000200,0.03630087701702949
48161000300,0.03653394668077945
48161000400,0.020125613686604135
48161000600,0.02050826165681552
48161000700,0.027080601883076982
48161000900,0.028030198084666284
48163950100,0.001609249586200422
48163950200,0.003588968968359574
48163950300,0.000772434587926668
48165950100,0.023159719456554748
48165950200,0.06196440096730348
48165950300,0.07469574140733572
48167720100,0.026929294884384638
48167720200,0.024748512473711595
48167720301,0.02477931406859976
48167720302,0.022257735902304787
48167720400,0.021158968692855086
48167720501,0.024835635292918812
48167720502,0.025195352111350693
48167720503,0.02265029768019675
48167720600,0.01969643352810298
48167720700,0.025523112970135948
48167720800,0.023826230039041375
48167720900,0.020508911677576222
48167721000,0.01890271986243512
48167721100,0.019398471853315242
48167721201,0.022699516864234652
48167721202,0.020231262651907656
48167721300,0.025032328544864698
48167721400,0.022702408116610437
48167721500,0.022339943826055347
48167721600,0.019776580714751094
48167721700,0.01899016589445502
48167721800,0.01591555903778431
48167721900,0.015874806002481322
48167722001,0.013576369618637622
48167722002,0.01741151441287085
48167722100,0.015027799543085892
48167722200,0.015431796518373642
48167722300,0.017723920320675563
48167722600,0.018130298312730626
48167722700,0.018130298312730626
48167722800,0.017710254498408476
48167722900,0.018130298312730626
48167723000,0.018130298312730626
48167723100,0.02011858414715792
48167723200,0.017213617664198915
48167723300,0.016669822173955393
48167723400,0.012661730845968494
48167723501,0.016636633495568782
48167723502,0.012293589152572422
48167723600,0.007108277645887222
48167723700,0.017105852142793275
48167723800,0.017239884862580993
48167723900,0.00016954596431062165
48167724000,0.01463153571573918
48167724101,0.015962943765832245
48167724200,0.016072363057029623
48167724300,0.016797132529858448
48167724400,0.016810531117759476
48167724500,0.01702037716949842
48167724600,0.017836985067943525
48167724700,0.01737042156076708
48167724800,0.01701435418784467
48167724900,0.01736156734062822
48167725000,0.01737042156076708
48167725100,0.017585281713737532
48167725200,0.018330253608401084
48167725300,0.01767262157856618
48167725400,0.015709222140904994
48167725500,0.01565798966592323
48167725600,0.015672953319921724
48167725700,0.01537798357948281
48167725800,0.01648720360043104
48167725900,0.014940539300416455
48167726000,0.009435633084477497
48167726100,0.004862740156909842
48167726200,0.01666623133976443
48167990000,0.013448598829705796
48169950100,0.015244740009337947
48171950100,0.012557165468694955
48171950200,0.03105140362067694
48171950300,0.04089131192005227
48171950400,0.038159010225283244
48171950500,0.028081357987339108
48173950100,0.002380137864706726
48175960100,0.20013026073554907
48175960200,0.16416340012523575
48177000100,0.02312627156795788
48177000200,0.04107496623618151
48177000300,0.042424876661410545
48177000400,0.042424876661410545
48177000500,0.015065287365854418
48177000600,0.02437269435205633
48179950100,0.024977209628510195
48179950300,0.04037909464743944
48179950400,0.04037909464743944
48179950500,0.04037909464743944
48179950600,0.041908235358144724
48179950700,0.04058953789948782
48179950800,0.04058953789948782
48181000101,0.018313189663421436
48181000102,0.019613408158420755
48181000200,0.012491544437493889
48181000302,0.013681298253720643
48181000303,0.009361856696271627
48181000304,0.00681998608220202
48181000400,0.018249590570115225
48181000501,0.017325358576538597
48181000502,0.01774424958771595
48181000600,0.013772456729040802
48181000700,0.018311888336361135
48181000800,0.02192214990749795
48181000901,0.018242168899298045
48181000902,0.020720296291650845
48181001101,0.020113068100061166
48181001102,0.009828989806776224
48181001200,0.022161586329794394
48181001300,0.022236699805431283
48181001400,0.02950064396429606
48181001500,0.017979708037305156
48181001700,0.021683144469786496
48181001801,0.013979195361682484
48181001802,0.010893125879299827
48181001803,0.015172981631032544
48181001900,0.010547987065866994
48181002000,0.021920119156147017
48183000200,0.11656034870490917
48183000300,0.13566466344184047
48183000401,0.12091531186333744
48183000402,0.13073622259316636
48183000501,0.1306206595604128
48183000502,0.1306319299083953
48183000600,0.12091531186333744
48183000700,0.11759153849153965
48183000800,0.1250066581343837
48183000900,0.12989511796433348
48183001000,0.13723238803467167
48183001100,0.13661113912336342
48183001200,0.1301445781363068
48183001300,0.1252161372876327
48183001400,0.12583287591290784
48183001500,0.11716792001785088
48183010100,0.10431664648314322
48183010200,0.12074159889903523
48183010301,0.12082130615800146
48183010302,0.1285148829193296
48183010400,0.11710023817196441
48183010500,0.10339572240092557
48183010600,0.13052413089627432
48183010700,0.12295054318401377
48183980000,0.10104538922829676
48185180101,0.029378524337798192
48185180102,0.012380155371722368
48185180200,0.015285505894015047
48185180301,0.015142220542479757
48185180302,0.011059933328457599
48185180400,0.01266147613877186
48187210100,0.01863276117942394
48187210200,0.01925091234808677
48187210300,0.01747926047550684
48187210400,0.0173673929312909
48187210504,0.01616678145948828
48187210505,0.02085540249399332
48187210506,0.018596915974646584
48187210507,0.017617907498098044
48187210508,0.01921262527286876
48187210603,0.01700849264413179
48187210604,0.018690669217426743
48187210606,0.018404702923359086
48187210607,0.02013855872581056
48187210608,0.017933769531882998
48187210705,0.022163150036155738
48187210706,0.021129126205809097
48187210707,0.021121904034109452
48187210708,0.021371202569254375
48187210709,0.026881575475645875
48187210710,0.025235990377515092
48187210711,0.02433895039732752
48187210712,0.022335465075911498
48187210713,0.0224224764704632
48187210714,0.021762728833226472
48187210801,0.015465137758993516
48187210803,0.010795491550801287
48187210804,0.018323148668770897
48187210901,0.015123280012112363
48187210902,0.014534691863820429
48189950100,0.02056747670345079
48189950200,0.023523098249074906
48189950300,0.023523098249074906
48189950400,0.023523098249074906
48189950500,0.023146526192378142
48189950600,0.01896267370249147
48189950700,0.018461928628292747
48189950800,0.018488845285926994
48189950900,0.024581043353160106
48191950500,0.0077658127081603
48193950100,0.008645180163692524
48193950200,0.01686044600337886
48193950300,0.01659768116772432
48195950100,0.016701465017807872
48195950300,0.036495099070078904
48197950100,0.045635082605139446
48199030100,0.015162782816671574
48199030200,0.037364327752236935
48199030300,0.03264790113011377
48199030400,0.04267971990783101
48199030501,0.0465461823395968
48199030502,0.05699977572805438
48199030600,0.043799569840131586
48199030700,0.03635598492718055
48199030800,0.03699333529600837
48199030900,0.030352862712166397
48199031000,0.02460366722947976
48201100000,0.051834836144864255
48201210100,0.05207669515421402
48201210400,0.05048594603972668
48201210500,0.05013015040842299
48201210600,0.045250636505307584
48201210700,0.044153078268671896
48201210800,0.04981767357861096
48201210900,0.04342090438375817
48201211000,0.049463796999096345
48201211100,0.050389139323821136
48201211200,0.0439243354601652
48201211300,0.0504737112680105
48201211400,0.05050421697880017
48201211500,0.04079819504808406
48201211600,0.04341405790437949
48201211700,0.04198665987056569
48201211900,0.041905780973297335
48201212300,0.050572463522024484
48201212400,0.04157391415770362
48201212500,0.04043942883266459
48201220100,0.04383336423200278
48201220200,0.04402315211300105
48201220300,0.043708832391382624
48201220400,0.04345877113939815
48201220500,0.0441982016401825
48201220600,0.04353972115995454
48201220700,0.04327311940253811
48201220800,0.04374469254271485
48201220900,0.04393659902550279
48201221000,0.04235306922870939
48201221100,0.0373485313070578
48201221200,0.03653608318986783
48201221300,0.04196046726933868
48201221400,0.04285188115295069
48201221500,0.04128365383761062
48201221600,0.034922530260835596
48201221700,0.03491339184804649
48201221800,0.034545716224768964
48201221900,0.03551836698918631
48201222000,0.04065650965341149
48201222100,0.03668584724589683
48201222200,0.036095348672098855
48201222300,0.03575151064377732
48201222401,0.035194729063151395
48201222402,0.035216812377770426
48201222501,0.038186154898870006
48201222502,0.03242155887061137
48201222503,0.03611049257186929
48201222600,0.03543907781553806
48201222700,0.0330873379311998
48201222800,0.0352321811174842
48201222900,0.03395134643517593
48201223001,0.03622482696622681
48201223002,0.03569201290324153
48201223100,0.03303802739812066
48201230100,0.04412711867026951
48201230200,0.040967181687438785
48201230300,0.04170796151487984
48201230400,0.04307871201282618
48201230500,0.043696051978916656
48201230600,0.039808156996988336
48201230700,0.03844477706597648
48201230800,0.0349840138977619
48201230900,0.039934866851828815
48201231000,0.03396227498885001
48201231100,0.033389693904054184
48201231200,0.02780024490113473
48201231300,0.032628391294891056
48201231400,0.034827819422887075
48201231500,0.036065421685156994
48201231600,0.03610220076826648
48201231700,0.037456512634410674
48201231800,0.035851100875264476
48201231900,0.03278791232340692
48201232000,0.03136401671876026
48201232100,0.03664118244101196
48201232200,0.030382599944073333
48201232301,0.02826254735788523
48201232302,0.027444638021658384
48201232401,0.028125110735626575
48201232402,0.030228304210076613
48201232403,0.030313386693779143
48201232500,0.031564584418101005
48201232600,0.03946973202463417
48201232701,0.031374466369444715
48201232702,0.031195350041004332
48201232800,0.03196580806623697
48201232900,0.030639008668711852
48201233001,0.032021553086706935
48201233002,0.028362535777931058
48201233003,0.028639335319604137
48201233101,0.03157301018299864
48201233102,0.02808326722716973
48201233103,0.03161696974932462
48201233200,0.03156417208952288
48201233300,0.03202544789456254
48201233400,0.040175093930521474
48201233500,0.03682180876457961
48201233600,0.03817753358271245
48201233701,0.037938999843002565
48201233702,0.0332478699706791
48201233703,0.03172216330332518
48201240100,0.03445772549290176
48201240400,0.030212635910008216
48201240501,0.03350207262890132
48201240502,0.033593102226499916
48201240600,0.032834298219861884
48201240701,0.030780229105295393
48201240702,0.031571006156834454
48201240801,0.03169049672476065
48201240802,0.030056674239591224
48201240901,0.02817368190733855
48201240902,0.029487616121003805
48201241000,0.026738281356892376
48201241101,0.02764750860734987
48201241102,0.025603835534422695
48201241103,0.026584737501238437
48201241200,0.026057002513897927
48201241300,0.030186097521105317
48201241400,0.026799375787516483
48201241500,0.031071520581023002
48201250100,0.03240008692193024
48201250200,0.03095183585749409
48201250301,0.025534187792547902
48201250302,0.026431431901414084
48201250401,0.022945205798133996
48201250402,0.022276279284910265
48201250500,0.025717557492297306
48201250600,0.028571085385548672
48201250701,0.023937649243775592
48201250702,0.023009853478243456
48201250800,0.022095449676531504
48201250900,0.019021386978042096
48201251000,0.02276210431193751
48201251100,0.02783263197641349
48201251200,0.025870786326519367
48201251300,0.023394090706803303
48201251401,0.023689570634410788
48201251402,0.02337283438543865
48201251501,0.010686110080967147
48201251502,0.021173966978880382
48201251503,0.023169351933106493
48201251600,0.013093921558613695
48201251700,0.025374873146484962
48201251800,0.024151983323527575
48201251901,0.014731127209013085
48201251902,0.025200195669035592
48201252000,0.022956103219233227
48201252100,0.022650084644547257
48201252200,0.027128549248666978
48201252301,0.027426153129372056
48201252302,0.026622400895921963
48201252400,0.027300564464314413
48201252500,0.027079846453248263
48201252600,0.02464388207570805
48201252700,0.025830650925810984
48201252800,0.027254887260661803
48201252900,0.022034663425011803
48201253000,0.019058796858756617
48201253100,0.022945075406656835
48201253200,0.023842928810360348
48201253300,0.020523520032823428
48201253400,0.01813673963037467
48201253500,0.021343932804508938
48201253600,0.022255373081867518
48201253700,0.019565701144607185
48201253800,0.018432819880834575
48201253900,0.022870411860499977
48201254000,0.017916683613122434
48201254100,0.021553027344942438
48201254200,0.020360107119010495
48201254300,0.02038103282938151
48201254400,0.02198258299343661
48201254500,0.020727592590800804
48201254600,0.02151457994117619
48201254700,0.018761080230609774
48201310100,0.05180503336973606
48201310200,0.0514527358870746
48201310300,0.051243677399750144
48201310400,0.04981571262869446
48201310500,0.04922448341078985
48201310600,0.04924105202469625
48201310700,0.0488396591005129
48201310800,0.04872617844395992
48201310900,0.04836591255444263
48201311000,0.043477258519836845
48201311100,0.041634598303193875
48201311200,0.04810677844440301
48201311300,0.04845107995893069
48201311400,0.040960748757009044
48201311500,0.04096743441798086
48201311600,0.04804677385912087
48201311700,0.04854431604943326
48201311800,0.04845851015922798
48201311900,0.049086312518183364
48201312000,0.050088645802236
48201312100,0.05110825666890513
48201312200,0.05113748277948214
48201312300,0.05233224358971341
48201312400,0.05300381222340708
48201312500,0.058010483245251335
48201312600,0.05695774245339737
48201312700,0.056574539210020036
48201312800,0.0526738452955398
48201312900,0.0552637143635082
48201313000,0.056385252737284786
48201313100,0.05569687406026775
48201313200,0.055630441396642125
48201313300,0.048601867183386535
48201313400,0.048712525839623204
48201313500,0.04807681592425551
48201313600,0.055272896268850416
48201313700,0.05489982874717127
48201313800,0.05473284846880532
48201313900,0.05470530078555814
48201314001,0.05480651896708572
48201314002,0.054568329672087225
48201314300,0.05450535066664076
48201314400,0.05493627501659282
48201320100,0.04318602604507625
48201320200,0.04018584859123551
48201320500,0.03781845989588592
48201320601,0.039942650435123475
48201320602,0.04099089442040609
48201320700,0.04100397559859692
48201320800,0.039841285638806366
48201320900,0.03617890053856764
48201321000,0.034031536960500305
48201321100,0.03575105342284795
48201321200,0.03288418527806445
48201321300,0.033232089512036204
48201321401,0.0392630323732104
48201321402,0.03391817581337184
48201321500,0.034090743168126186
48201321600,0.03546102726702023
48201321700,0.038442418976313904
48201321800,0.03827775395166259
48201321900,0.037305090821500506
48201322000,0.03779567727414894
48201322100,0.03421187617130358
48201322200,0.036965763669747485
48201322600,0.031394335056816866
48201322700,0.03158284104908529
48201322800,0.031922212662121155
48201322900,0.03152626589169386
48201323000,0.03142449491627153
48201323100,0.031890586256049555
48201323200,0.031620129084727694
48201323300,0.03218734448449351
48201323400,0.03295764043780083
48201323500,0.0333595538311477
48201323600,0.03267971901056335
48201323701,0.03267971901056335
48201323702,0.03254447858257403
48201323801,0.03256116414194122
48201323802,0.031250184838742145
48201323900,0.031267531356527
48201324000,0.032630851074842974
48201324100,0.03153255037844404
48201324200,0.03860452495360223
48201330100,0.043581667063562875
48201330200,0.04593709312720194
48201330301,0.044871016178303226
48201330302,0.04030241071728728
48201330303,0.04199467496001244
48201330400,0.03894090022147661
48201330500,0.04634277182362201
48201330600,0.04615574711548306
48201330700,0.03882014376246866
48201330800,0.03800514150608097
48201330900,0.04239509067199009
48201331100,0.04840398967411869
48201331200,0.04703439592785377
48201331300,0.045336405566076564
48201331400,0.04551299430937752
48201331500,0.04526201010804492
48201331601,0.037635670385279596
48201331602,0.03716827972035445
48201331700,0.03880916919482873
48201331800,0.04378644959772243
48201331900,0.045355459516564896
48201332000,0.04625470540142008
48201332100,0.04808022681474455
48201332200,0.04737289240327748
48201332300,0.04648093802242354
48201332400,0.04604302638968888
48201332500,0.04220127166337307
48201332600,0.046036389189836935
48201332700,0.04720627497782843
48201332800,0.047372716880039
48201332900,0.048479946314473055
48201333000,0.044349926209264624
48201333100,0.04097562498469914
48201333201,0.040837704985204386
48201333202,0.04087246163126734
48201333300,0.03628135783479597
48201333500,0.03966853819061814
48201333600,0.03792925103332569
48201333700,0.03769238865862997
48201333800,0.033776590095600495
48201333901,0.033764310773471494
48201333902,0.03375851549199023
48201334001,0.03433874845836611
48201334002,0.03596221270223907
48201334003,0.03424343174005141
48201334100,0.04888634047090761
48201340100,0.03219986055945235
48201340201,0.028445685644778278
48201340202,0.027580152632668227
48201340203,0.025462475921905883
48201340301,0.029043176094076688
48201340302,0.025544021172502734
48201340400,0.025938696400561855
48201340500,0.029557728848552917
48201340600,0.030547000334168375
48201340700,0.031221950263468745
48201340800,0.029195031736550157
48201340900,0.030828874151235357
48201341000,0.031034179128961142
48201341100,0.0308659913933352
48201341201,0.030436817820259497
48201341202,0.02672949007639911
48201341301,0.02505101372408223
48201341302,0.028152237087493225
48201341400,0.023144304118597154
48201341501,0.02060203686415374
48201341502,0.023026057184818982
48201341600,0.020167292958588788
48201341700,0.02050393715112154
48201341800,0.021347695079216616
48201342001,0.028218365349752313
48201342002,0.029023240372138062
48201342100,0.029267922695255473
48201342200,0.03017639438331693
48201342300,0.026593449020610883
48201342400,0.031442793507799084
48201342500,0.028526935430326708
48201342700,0.026817501865845802
48201342800,0.026480404213998172
48201342900,0.026225966450767565
48201343000,0.026294569255749602
48201343100,0.023961362319136672
48201343200,0.022138274341347488
48201343301,0.02298244192254785
48201343302,0.023102723831534933
48201343600,0.025606686076742192
48201343700,0.022250121959040036
48201350100,0.030886252941616715
48201350200,0.03424498375093448
48201350300,0.0313762921403688
48201350400,0.03524705263067395
48201350500,0.030077077011137494
48201350601,0.030227202330818173
48201350602,0.02871354831849757
48201350700,0.02864498966515524
48201350801,0.02856818198668251
48201350802,0.02896949062624125
48201410100,0.051814011878340845
48201410200,0.056373035726003204
48201410300,0.05268759681033741
48201410401,0.05303223279831557
48201410402,0.05782739110800994
48201410500,0.05771470173251138
48201410600,0.05814970580924189
48201410701,0.05809276012192048
48201410702,0.05784518857690561
48201410800,0.057509056593375116
48201410900,0.0574853805119855
48201411000,0.0579418513878487
48201411100,0.05126388713888238
48201411200,0.04989200994300124
48201411300,0.052518107197111176
48201411400,0.05127830382093725
48201411501,0.051633152640999345
48201411502,0.054792456413696754
48201411600,0.051705901247070314
48201411700,0.05293861797250719
48201411800,0.05675805585493
48201411900,0.05740851770186203
48201412000,0.05760773194602255
48201412100,0.057108999088601405
48201412200,0.05617674451800611
48201412300,0.057273788426768904
48201412400,0.05679567173537847
48201412500,0.056299109560926076
48201412600,0.05319610577953245
48201412700,0.05111127810166992
48201412800,0.05026923864235442
48201412900,0.04948503052242356
48201413000,0.04971486304482321
48201413100,0.05534177281396979
48201413201,0.054007059326798376
48201413202,0.05512086918449131
48201413300,0.05448097641276076
48201420100,0.055033790204279905
48201420200,0.04849988393309942
48201420300,0.04946221598483397
48201420400,0.047969044317864855
48201420500,0.04706896291911888
48201420600,0.04916809655917994
48201420700,0.049238329641044465
48201420800,0.049386803014804276
48201420900,0.04934839797340935
48201421000,0.05091785128787649
48201421101,0.051826700975670506
48201421102,0.05228142675028794
48201421201,0.054376447051828675
48201421202,0.05342978902900885
48201421300,0.045851347536661986
48201421401,0.0529178555531826
48201421402,0.05321299722903869
48201421403,0.05226599021690466
48201421500,0.05220150479997268
48201421600,0.05137393168515549
48201421700,0.04971974620689288
48201421800,0.049258700922361884
48201421900,0.049085983218183665
48201422000,0.04930021920116784
48201422100,0.04798605420998419
48201422200,0.0420194706943219
48201422301,0.04238841614597381
48201422302,0.04244069404938001
48201422401,0.04270471492366625
48201422402,0.04567789217648635
48201422500,0.04364473544123468
48201422600,0.04384647356575923
48201422701,0.04382576114966532
48201422702,0.04388813318070422
48201422800,0.04432369246688448
48201422900,0.04577486083892284
48201423000,0.04293697781578537
48201423100,0.04108683244088497
48201423201,0.04343613935388454
48201423202,0.044313435046283184
48201423301,0.04398523208990253
48201423302,0.04368436551900824
48201423401,0.04269823912641447
48201423402,0.04421803876368091
48201423500,0.043737613975018914
48201423600,0.04213476443163036
48201430100,0.04481312246076176
48201430200,0.045738030788789436
48201430300,0.04411818760525882
48201430400,0.04416556527512663
48201430500,0.039160031113857574
48201430600,0.0413110285879344
48201430700,0.04018148779587086
48201430800,0.03979403590680859
48201430900,0.040301421910891116
48201431000,0.04601665165702498
48201431101,0.045421873283545224
48201431102,0.043008084367955134
48201431201,0.04302094242704014
48201431202,0.04339835354078535
48201431301,0.04434505023764221
48201431302,0.045498880547449216
48201431401,0.04596658042127783
48201431402,0.05224587299725983
48201431501,0.04532918578807369
48201431502,0.04425639367889505
48201431600,0.045097412052667575
48201431700,0.0512926474265825
48201431801,0.0521024750254582
48201431802,0.05266319491234112
48201431900,0.052907722555772446
48201432001,0.05210863149789513
48201432002,0.044543667306881446
48201432100,0.043795376023923326
48201432200,0.04428199262033221
48201432300,0.04495581584138442
48201432400,0.04627892917853033
48201432500,0.04400418804274389
48201432600,0.04400408034472607
48201432701,0.0528356118318782
48201432702,0.05321264237346127
48201432801,0.04986285173475528
48201432802,0.04640594001018939
48201432901,0.04669184201637896
48201432902,0.044270723940986585
48201433001,0.046071778529698695
48201433002,0.04528640471218568
48201433003,0.04553306505015689
48201433100,0.04516558054360237
48201433201,0.04415656854076657
48201433202,0.04465987122111063
48201433300,0.0447713532105258
48201433400,0.04466817352886556
48201433501,0.04570454466399428
48201433502,0.0459332044833022
48201433600,0.04603874088485028
48201440100,0.043318965242470774
48201450100,0.03989276336451636
48201450200,0.038943921441095035
48201450300,0.03803391868885855
48201450400,0.03370258734604495
48201450500,0.03242690898722937
48201450600,0.032546200941097746
48201450700,0.03772756991106484
48201450801,0.03676998300716599
48201450802,0.03926105101753154
48201450900,0.042455743807529873
48201451001,0.03807934590277862
48201451002,0.03894598391149421
48201451100,0.038087118965153474
48201451200,0.03625472189757318
48201451300,0.036473327881012506
48201451401,0.0363023315512385
48201451402,0.035297289609915135
48201451403,0.03602958867459176
48201451500,0.03647456032971384
48201451601,0.032468115770265725
48201451602,0.030271140966274118
48201451700,0.03549636731719116
48201451800,0.033340600793777965
48201451901,0.03775361635918519
48201451902,0.03866174909233928
48201452000,0.038395431522967476
48201452100,0.04348202074830112
48201452201,0.044942218338254056
48201452202,0.04494600620984645
48201452300,0.044761782985267645
48201452400,0.04327616778348676
48201452500,0.03860782841964197
48201452600,0.03531738430708266
48201452700,0.03491673903836975
48201452801,0.03751897361291309
48201452802,0.03713750240506165
48201452900,0.03825212819488481
48201453000,0.038930426054372844
48201453100,0.03919738282385004
48201453200,0.038211547642729035
48201453300,0.03960848755730049
48201453401,0.03907721927395488
48201453402,0.03765800342364613
48201453403,0.03806250018875679
48201453501,0.03761492655499922
48201453502,0.03761983897907666
48201453601,0.03724942193827274
48201453602,0.037756540565592474
48201453700,0.037937033177361426
48201453800,0.0375692038757608
48201453900,0.03699504189724681
48201454000,0.03494032665774613
48201454100,0.03522779785457524
48201454200,0.0313704049717867
48201454301,0.0348278423128752
48201454302,0.03346296732562378
48201454400,0.02889910297363137
48201454501,0.027615245690610996
48201454502,0.028771418692004256
48201454600,0.02645117218852338
48201454700,0.026158270854678572
48201454800,0.02605334378402752
48201454900,0.02688331461188652
48201455000,0.025658698460833476
48201455101,0.026059120125314562
48201455102,0.026279712169661268
48201455200,0.02657857599325557
48201455300,0.024342745049661475
48201510100,0.05253758987485561
48201510200,0.0521169186341666
48201510300,0.05147784838414651
48201510400,0.0515725283530795
48201510500,0.05127743351222049
48201510600,0.05147600595646178
48201510700,0.05139265426438495
48201510800,0.0512010742385708
48201510900,0.045812164037953684
48201511001,0.044449158943574124
48201511002,0.045270223856814215
48201511100,0.044568455262941495
48201511200,0.04484243673123623
48201511301,0.04987055638438847
48201511302,0.050336851223387415
48201511400,0.05088475148232184
48201511500,0.04891119195784723
48201511600,0.0491626793242467
48201520100,0.04429565092135258
48201520200,0.04449502117232503
48201520300,0.04464870909133182
48201520400,0.04320545020479451
48201520500,0.0390507770973861
48201520601,0.03835753615402645
48201520602,0.04297580866377427
48201520700,0.03876976851364721
48201521000,0.039861732673974117
48201521100,0.03851347762184084
48201521200,0.03821334475109222
48201521300,0.03826028939756169
48201521400,0.03649488838793427
48201521500,0.03711133941233593
48201521600,0.03684874003918214
48201521700,0.0369429669486687
48201521800,0.034247400203577645
48201521900,0.038707569736732964
48201522000,0.03788235305656796
48201522100,0.03751152063057778
48201522201,0.03798211869538946
48201522202,0.038032594355882084
48201522301,0.03876790953999268
48201522302,0.03921901367661654
48201522401,0.03878126052783062
48201522402,0.038684814530736286
48201522500,0.045132818156678606
48201530100,0.04418193539746867
48201530200,0.04442237645582903
48201530300,0.04466323422522425
48201530400,0.04399898329152792
48201530500,0.04394279606533122
48201530600,0.044247151039640054
48201530700,0.043496496095145575
48201530800,0.041717127322757945
48201530900,0.043589236472662
48201531000,0.045171418839347846
48201531100,0.04422583812526107
48201531200,0.04328228845284308
48201531300,0.04342729895632061
48201531400,0.03883791635057168
48201531500,0.037776748818164375
48201531600,0.04244386632050565
48201531700,0.04307207639598468
48201531800,0.0368623664265989
48201531900,0.03646835954426671
48201532001,0.036163182344745914
48201532002,0.036651877444994485
48201532100,0.03692953258087365
48201532200,0.03511655422733193
48201532300,0.03717977724873641
48201532400,0.03591032509703028
48201532501,0.030691226954936666
48201532502,0.033120320642101665
48201532600,0.03219892967872936
48201532700,0.03506458158765934
48201532800,0.035394532642477335
48201532900,0.033428698000032515
48201533000,0.034262047291796695
48201533100,0.0355297136945404
48201533200,0.03635034125966392
48201533300,0.037867761994142456
48201533400,0.036081053742247814
48201533500,0.03690016477719726
48201533600,0.034437024323611544
48201533701,0.03308704817490956
48201533702,0.03237463703228556
48201533801,0.030396752936073943
48201533802,0.03136959674181425
48201533901,0.032151498167420606
48201533902,0.03329480755599157
48201534001,0.03214006794763167
48201534002,0.03250065652505555
48201534003,0.033880074787044405
48201534100,0.03274618701484683
48201534201,0.032227255458264575
48201534202,0.03352842748911488
48201534203,0.03659226815231023
48201540100,0.03197102242235902
48201540200,0.03868797207787276
48201540501,0.026903297543508103
48201540502,0.026470760316990354
48201540601,0.02694366366960357
48201540602,0.026983313315066832
48201540700,0.028756611480967625
48201540800,0.03237508074303203
48201540901,0.027949390782978357
48201540902,0.028334938771828917
48201541001,0.028472292318581966
48201541002,0.022887526909896788
48201541003,0.024038561913980433
48201541100,0.027319076494755092
48201541201,0.02416353004972245
48201541202,0.026035537916416877
48201541203,0.02700392333232111
48201541300,0.02588720611041614
48201541400,0.026239247901549013
48201541500,0.024843923035870387
48201541601,0.023907167794728474
48201541602,0.026837260186836506
48201541700,0.026736099116738885
48201541800,0.028094866246127607
48201541900,0.026624299549875937
48201542000,0.02629627895036353
48201542101,0.0240219190498126
48201542102,0.02385167045961643
48201542200,0.02073366906813251
48201542301,0.023975580841355242
48201542302,0.02338783231547543
48201542400,0.026387860311481832
48201542500,0.026532562428164652
48201542600,0.02449958208355741
48201542700,0.02342265295429494
48201542800,0.021636117617984396
48201542900,0.020349206469646153
48201543001,0.021465915565524754
48201543002,0.023036964271316997
48201543003,0.02362581995798559
48201543100,0.01414115838684593
48201543200,0.03279571337665464
48201550100,0.03351535570836487
48201550200,0.03232515918740813
48201550301,0.034060053135552756
48201550302,0.03311977529535125
48201550401,0.027126735976636132
48201550402,0.031261260261485305
48201550500,0.031258612235666144
48201550601,0.030485634020264257
48201550602,0.032176269186425216
48201550603,0.031111048088296404
48201550700,0.0331805498592266
48201550800,0.03117727133917525
48201550900,0.02884370181436779
48201551000,0.02866132441481915
48201551100,0.0286900075905618
48201551200,0.028268701276328034
48201551300,0.031092701633994732
48201551400,0.030139120917956657
48201551500,0.028061954922983294
48201551600,0.03065528774839348
48201551701,0.03181875219977736
48201551702,0.03263301791534383
48201551703,0.03232544219822108
48201551800,0.0331538332307587
48201551900,0.032320035341575876
48201552001,0.03171534254854727
48201552002,0.03164728158134501
48201552101,0.028490497516632744
48201552102,0.02870183593760627
48201552103,0.0267993472116337
48201552200,0.02703878207626339
48201552301,0.02603936263945619
48201552302,0.02788055019089252
48201552400,0.028085797594154797
48201552500,0.029106352897434663
48201552601,0.029163198121449106
48201552602,0.02814949616030138
48201552700,0.026699510853230857
48201552800,0.02854657250217793
48201552900,0.027818330638817713
48201553001,0.028702167453176587
48201553002,0.029021386888526943
48201553100,0.028533403998913826
48201553200,0.031593507759521175
48201553300,0.03185237530456614
48201553401,0.02878691415357341
48201553402,0.02786380112054634
48201553403,0.02788167076761342
48201553500,0.028486379362844334
48201553600,0.026337763698219885
48201553700,0.02786030723452476
48201553801,0.02723888545839876
48201553802,0.026130834935792983
48201553900,0.02574106120241646
48201554001,0.027683389277280628
48201554002,0.02660998650060694
48201554101,0.025028799314798254
48201554102,0.02416462697536963
48201554200,0.026481946819185358
48201554301,0.025210720790507103
48201554302,0.024710929100185
48201554401,0.023362865115676014
48201554402,0.022311303246670272
48201554403,0.021840028965444486
48201554501,0.020506977822160734
48201554502,0.0238749499985151
48201554600,0.023965893010621398
48201554700,0.02467663300181291
48201554801,0.024365450064183183
48201554802,0.02338560531448705
48201554901,0.02514751270969664
48201554902,0.025871409387388182
48201554903,0.024573963855867187
48201555000,0.026969865026028085
48201555100,0.02750112250947913
48201555200,0.025783726290106647
48201555301,0.023840842759506414
48201555302,0.020971721820854057
48201555303,0.021771658532616374
48201555401,0.021649227927615724
48201555402,0.0217609510926796
48201555501,0.02122523509461182
48201555502,0.022644098290666013
48201555600,0.021093055518245828
48201555701,0.023651447022415395
48201555702,0.024223215078842918
48201556000,0.022768845890347708
48201980000,0.03848883347869448
48201980100,0.031510157112641116
48203020102,0.02670799156014996
48203020103,0.05318956345580736
48203020104,0.06145736866062525
48203020200,0.05487505232702872
48203020301,0.10405509487520623
48203020302,0.09692822966278149
48203020401,0.12231866550599849
48203020402,0.12726677628746544
48203020501,0.12301919735467454
48203020502,0.11041230751540407
48203020603,0.1073502905731015
48203020604,0.09922982540405284
48203020605,0.08768922987908687
48203020606,0.10774741665134595
48205950200,0.01112843003596484
48207950300,0.10102524178132188
48207950400,0.18365340170433797
48209010100,0.02439076769746673
48209010200,0.023694471282137496
48209010302,0.023694471282137496
48209010303,0.0234719282531111
48209010304,0.023716836988671143
48209010400,0.022536463121809014
48209010500,0.025578259493835825
48209010600,0.007971224350557162
48209010701,0.012360304182347131
48209010702,0.013556232315599446
48209010803,0.0075827803632493055
48209010804,0.01256464496843375
48209010805,0.018286698880411976
48209010806,0.019583693019946145
48209010807,0.012403047722895608
48209010808,0.013453811199627134
48209010809,0.016262515831660346
48209010901,0.020425360795031107
48209010902,0.02197561299210314
48209010905,0.008118434427215653
48209010906,0.026086923269954845
48209010907,0.023814080399648472
48209010908,0.03090133748469195
48209010909,0.029662234803447755
48209010910,0.030649537341242514
48211950300,0.052848263714146526
48213950100,0.13164662596026008
48213950200,0.08953060757419419
48213950300,0.048567286938262996
48213950400,0.05133299609626173
48213950500,0.03983499782318214
48213950601,0.026726495055329747
48213950602,0.02563207010961766
48213950700,0.005841760070979473
48213950800,0.028063635659582947
48213950901,0.02652858195033748
48213950902,0.027094103491523254
48213950903,0.028885773157838426
48213951000,0.043602694583507684
48213951100,0.03243090601726323
48213951200,0.05261420764692977
48213951300,0.05462537943229007
48213951400,0.05138665663937679
48215020101,0.042054472780756906
48215020102,0.03511938946321521
48215020201,0.035347823197189605
48215020202,0.03838197067164103
48215020204,0.037738001349783994
48215020205,0.04046420213992662
48215020301,0.04943275505607462
48215020302,0.04563418839309391
48215020402,0.040651125960851985
48215020403,0.046829733713127555
48215020404,0.04751769378539061
48215020501,0.052966216952951214
48215020503,0.04617473749285823
48215020504,0.05285511608939158
48215020600,0.05811329034256425
48215020701,0.05482741766476723
48215020721,0.05676268755619309
48215020723,0.0579452471359624
48215020724,0.050613593746163234
48215020725,0.05492180025093808
48215020726,0.05402010563101095
48215020802,0.057832425382722076
48215020803,0.05540406827347845
48215020804,0.05668976787724185
48215020901,0.061253668176404596
48215020903,0.060032355097414114
48215020904,0.05971321476226617
48215021000,0.061791067990978985
48215021100,0.0579452471359624
48215021201,0.05888044285919499
48215021202,0.05336159794901982
48215021302,0.04552068637540777
48215021303,0.03509684235861682
48215021304,0.03328365972501187
48215021305,0.039701597115697866
48215021401,0.06044787724208206
48215021403,0.05658683645323997
48215021404,0.05658683645323997
48215021500,0.05920056742291925
48215021600,0.05920056742291925
48215021701,0.06486484835922546
48215021702,0.06084842031262356
48215021803,0.057789813180851135
48215021804,0.05790091404441077
48215021805,0.05745754029570551
48215021806,0.05570064141307831
48215021901,0.05130368682434604
48215021903,0.05273565562364882
48215021904,0.05273565562364882
48215022001,0.04895465750734599
48215022003,0.05063645002390614
48215022004,0.046425695731633826
48215022103,0.05216345370414612
48215022104,0.04784788844786908
48215022105,0.049856232320308995
48215022106,0.03850502165579398
48215022201,0.04652390560781887
48215022203,0.048501268482146094
48215022204,0.03940913827353737
48215022300,0.0474913885238397
48215022401,0.041220492457597575
48215022402,0.04427403786589993
48215022501,0.04156105173029891
48215022502,0.052589317221576476
48215022600,0.04912263000347592
48215022701,0.0477939121836749
48215022702,0.04173995156450474
48215022800,0.036716276856386024
48215022900,0.04026635540991025
48215023000,0.04317037509557796
48215023102,0.03683529215594078
48215023103,0.040288301003284635
48215023104,0.03468499927939863
48215023503,0.022429489827404312
48215023504,0.04052328438484247
48215023507,0.03985175566619068
48215023509,0.04762482900067655
48215023510,0.05359354476419178
48215023511,0.033693540610073944
48215023512,0.019633964105724832
48215023513,0.028532324295902786
48215023514,0.04431827358179286
48215023515,0.04084171967957497
48215023600,0.04895986077900796
48215023700,0.05002959860553694
48215023801,0.05783824182951588
48215023802,0.05002959860553694
48215023902,0.059758902947915575
48215023903,0.04895986077900796
48215023904,0.050164614715187864
48215024000,0.046693487974857985
48215024105,0.04167058718789545
48215024106,0.04388492479508277
48215024107,0.03573171216188184
48215024108,0.0297254330096673
48215024109,0.03911100032227933
48215024110,0.0388456035936083
48215024111,0.03171913422168544
48215024112,0.021610551662117207
48215024113,0.03171913422168544
48215024114,0.029271664681072975
48215024201,0.01597091658440478
48215024203,0.02613346402985823
48215024204,0.025813131667273444
48215024205,0.026637355979034043
48215024301,0.01051621642953834
48215024302,0.01925723169994882
48215024402,0.03515988701107877
48215024403,0.03631082031645165
48215024404,0.028541701364690523
48215024500,0.035724377334550146
48215024600,0.026449096847474818
48215980000,0.053468997424585704
48217960100,0.010677792878203618
48217960200,0.004714409412889215
48217960400,0.004496884591813933
48217960500,0.004211752327675305
48217960600,0.005303122684056102
48217960700,0.004990184898317025
48217960800,0.011866697248893894
48217960900,0.013804637249134097
48217961000,0.011687887268609871
48217961100,0.008226804546364931
48217961400,0.010302726671860173
48219950100,0.037490400986982426
48219950200,0.02516239836583489
48219950300,0.03195803097360839
48219950400,0.02995717669773111
48219950500,0.029111142083573995
48219950600,0.03432503777963182
48219950700,0.019108066173606122
48221160100,0.01354742287127941
48221160204,0.011032487759003767
48221160205,0.011185359704857475
48221160206,0.012003872058696966
48221160207,0.010731197401050212
48221160208,0.010239268264497213
48221160209,0.00919462191695194
48221160210,0.007166610022068677
48221160301,0.009521458834260553
48221160302,0.009692201859978641
48223950100,0.03646191756912194
48223950200,0.029404187950818103
48223950300,0.0557474199966186
48223950401,0.05222146385613716
48223950402,0.05178871532950006
48223950500,0.05712116593244876
48223950600,0.04915604054828966
48223950700,0.034906165943833944
48223950800,0.03643330930691214
48225950100,0.046226248992030206
48225950200,0.04015963313689126
48225950300,0.07276524237750276
48225950400,0.07080415829883022
48225950500,0.048430312860101105
48225950600,0.09817652754750192
48225950700,0.009182102606917158
48227950100,0.01572306010646327
48227950200,0.012818276786196119
48227950300,0.028063184127321148
48227950400,0.03118579789544514
48227950500,0.03118579789544514
48227950600,0.025707475766943478
48227950700,0.03118579789544514
48227950801,0.02935040676881832
48227950802,0.02387208464031666
48227950900,0.02387208464031666
48229950300,0.0
48231960100,0.02080602456013695
48231960200,0.016508505155644455
48231960300,0.008865216585061236
48231960400,0.021803414047711245
48231960500,0.03097115440816585
48231960600,0.0317251828644001
48231960700,0.02487359081990515
48231960800,0.02534048342604911
48231960900,0.02540740786208589
48231961000,0.026907696648252648
48231961100,0.02195328951525642
48231961200,0.0272598777692121
48231961300,0.025383502741310203
48231961400,0.011848535881440896
48231961501,0.00815068664370979
48231961502,0.00959838269984395
48231961503,0.008571685227692121
48231961600,0.008096248528152317
48231961700,0.00725879892185971
48233950200,0.013047377204494979
48233950500,0.010244388652683888
48233950600,0.014294775049939415
48233950700,0.01888025297725508
48233950800,0.01861426781306854
48233950900,0.01861426781306854
48233951000,0.013320601897544273
48235950100,0.05492258616676296
48237950100,0.013444593228412917
48237950300,0.02378453589118166
48237950500,0.018658975288972885
48239950100,0.1543840810921645
48239950200,0.2183170837687013
48239950300,0.2629331699258228
48241950100,0.03187539448884045
48241950200,0.06006065428532285
48241950300,0.06006065428532285
48241950400,0.05547722715214226
48241950500,0.027286294065183313
48241950600,0.030056297742663565
48241950700,0.024609543862090744
48241950800,0.026361964854199428
48243950100,0.0
48245000101,0.07572763217607513
48245000102,0.07639214085947657
48245000103,0.07989231027216917
48245000200,0.08844572455323291
48245000302,0.08846815395935696
48245000304,0.08874934002027686
48245000306,0.09567473985102509
48245000307,0.08559130977789915
48245000308,0.09504880078131837
48245000309,0.08559130977789915
48245000310,0.08846815395935696
48245000400,0.09567473985102509
48245000500,0.0994064100147699
48245000600,0.09502637137519432
48245000700,0.08211577381824148
48245000900,0.10359927932240352
48245001100,0.09729175799353618
48245001200,0.09729175799353618
48245001301,0.09307645927977849
48245001302,0.08234973525809924
48245001303,0.0756147101616451
48245001700,0.09664338951770539
48245001900,0.09666581892382944
48245002000,0.09729175799353618
48245002100,0.09729175799353618
48245002200,0.09747280005332
48245002300,0.08336517740513823
48245002400,0.09664338951770539
48245002500,0.07961107783526938
48245002600,0.07961107783526938
48245005100,0.04978465453921192
48245005400,0.05368336105815094
48245005500,0.0533447329243566
48245005600,0.0533447329243566
48245005900,0.0533447329243566
48245006100,0.0533447329243566
48245006300,0.05368336105815094
48245006400,0.05368336105815094
48245006500,0.0533447329243566
48245006600,0.0533447329243566
48245006700,0.05779333469785024
48245006800,0.0653835885484394
48245006900,0.04978465453921192
48245007001,0.07059999683864172
48245007002,0.061959134782668596
48245007100,0.057989836331859584
48245010100,0.04978465453921192
48245010200,0.05368336105815094
48245010300,0.05900107979125105
48245010400,0.05368336105815094
48245010500,0.0533447329243566
48245010600,0.0533447329243566
48245010700,0.0533447329243566
48245010800,0.05368336105815094
48245010901,0.07059999683864172
48245010902,0.05489110615155175
48245011001,0.07109617203854503
48245011002,0.07059999683864172
48245011101,0.07109617203854503
48245011102,0.06698619839884573
48245011201,0.08456313403502132
48245011202,0.08525646800988688
48245011203,0.06859770027645332
48245011302,0.029290509909049103
48245011303,0.028876611160785524
48245011304,0.037385749603173285
48245011400,0.0561854279502907
48245011500,0.0297420070440667
48245011600,0.01080630288960803
48245011700,0.09729175799353618
48245011800,0.0533447329243566
48245980000,0.06698619839884573
48245990000,0.011437261354788137
48247950200,0.0
48247950400,0.0
48249950100,0.019105674255655986
48249950200,0.024296487819596244
48249950300,0.037776941754993666
48249950400,0.032624132045690965
48249950500,0.03609422692338402
48249950600,0.03609422692338402
48249950700,0.006766287356959569
48251130100,0.010927626109583219
48251130204,0.022671456570406357
48251130205,0.0239759154507853
48251130207,0.02264188956820578
48251130208,0.02266307636122648
48251130210,0.014318439832328172
48251130211,0.017348655444370156
48251130212,0.015341906743064819
48251130213,0.013847424875427056
48251130214,0.013381112285573628
48251130215,0.019906691549320447
48251130302,0.014453659023802148
48251130303,0.012747888048088383
48251130304,0.012745647986433552
48251130405,0.019157334482572803
48251130406,0.018489209676550617
48251130407,0.01975757186822719
48251130408,0.01816101817005736
48251130409,0.015172811959995024
48251130410,0.017285848012165577
48251130500,0.011966224734294872
48251130601,0.007275839530655252
48251130602,0.00822438495784155
48251130700,0.014414173836842221
48251130800,0.014520194140007093
48251130900,0.013409135687283835
48251131000,0.012864154005098074
48251131100,0.01360280392329719
48253020101,0.10148690272007603
48253020102,0.09552853806434583
48253020200,0.10637881299422906
48253020300,0.060130805556167816
48253020400,0.08386022804023055
48253020500,0.11517343396916624
48255970100,0.014059643918470041
48255970200,0.007481257121693976
48255970300,0.01618048368492848
48255970400,0.040756393098968516
48257050201,0.01752527683091094
48257050203,0.014108671520668893
48257050204,0.014334506794259991
48257050205,0.013727331591256626
48257050206,0.014698619138396242
48257050300,0.011063086964120016
48257050400,0.009549396175953143
48257050500,0.011235214495622262
48257050600,0.005845995729088132
48257050701,0.010476045015486105
48257050703,0.016205737671302303
48257050704,0.005574860270309505
48257050800,0.008697887774636929
48257051000,0.009962514539231651
48257051100,0.01034064249448041
48257051201,0.007043796741816828
48257051202,0.006616394906770846
48257051300,0.005966773631470383
48259970100,0.011559258523315786
48259970301,0.013860883188312233
48259970302,0.01461175483874624
48259970401,0.0156241835525256
48259970402,0.010698851726359194
48259970500,0.021231580721884677
48261950100,0.0
48261990000,0.0
48263950100,0.0016116693223816785
48265960100,0.012017301129004588
48265960200,0.03549114432408561
48265960301,0.0015639875697350538
48265960302,0.02586198129429868
48265960401,0.030695240249104243
48265960402,0.03443418046390617
48265960500,0.040118568717290165
48265960600,0.03824403554827123
48265960700,0.009152016213137385
48265960800,0.011564465050280583
48267950100,0.19986198096440702
48267950200,0.19986198096440702
48269950100,0.05475537113633457
48271950100,0.008109588345552888
48273020100,0.01608008300002733
48273020200,0.05267382630082399
48273020300,0.05089832238555364
48273020400,0.04845256656030608
48273020500,0.04941570701406643
48273990000,0.010565279896964978
48275950100,0.09327244119868668
48275950200,0.10531960272380723
48277000101,0.0694822881700244
48277000102,0.03578805009352777
48277000200,0.053666117365388545
48277000300,0.05316364218836618
48277000401,0.11850610756334304
48277000402,0.09422295953455766
48277000500,0.11850610756334304
48277000600,0.11850610756334304
48277000700,0.12030775569595854
48277000800,0.09643623665929006
48277000900,0.09736471615794581
48277001000,0.11850610756334304
48279950100,0.012352700247401528
48279950200,0.012463398856982394
48279950300,0.023842951461492092
48279950500,0.023222521023758533
48279950600,0.03784941140606282
48281950100,0.0019941802524852626
48281950301,0.009916120768259208
48281950302,0.00864177430628583
48281950400,0.009178022717208243
48281950500,0.009068948880022704
48283950300,0.00030327918721097783
48285000100,0.13438563864191033
48285000200,0.1529953490230878
48285000300,0.04841099920338551
48285000400,0.1476542983801054
48285000500,0.22994366624712212
48285000600,0.20334280108012842
48287000100,0.0074776164830268384
48287000200,0.013492870498110134
48287000300,0.019518927805522
48287000400,0.01991896850130713
48289950100,0.011317056018077802
48289950200,0.014029150694610075
48289950300,0.010047659403021759
48291700100,0.017824001371630795
48291700200,0.016456662680736468
48291700300,0.011984951175010253
48291700400,0.010392247256455468
48291700500,0.005389872115523565
48291700600,0.011776320266213712
48291700700,0.012892446450408723
48291700800,0.017113702950673493
48291700900,0.018624560780745862
48291701000,0.022738687324805485
48291701100,0.017375783223923587
48291701200,0.022126006653760178
48291701300,0.019851530369134056
48291701400,0.024230961358238268
48293970100,0.015394972517525312
48293970200,0.030782015128425905
48293970300,0.030782015128425905
48293970400,0.031093538732741153
48293970500,0.030782015128425905
48293970600,0.020669379627684094
48293970700,0.02362464902895644
48293970800,0.01341878843996707
48295950200,0.01250316237710634
48295950300,0.004732547930318484
48297950100,0.004930645392265002
48297950200,0.017362019450030824
48297950300,0.006317819948075727
48297950400,0.024441744402535055
48299970100,0.006394926823080179
48299970200,0.04432830281785101
48299970300,0.01146325218732214
48299970400,0.008740791153167947
48299970500,0.00662287680893444
48299970600,0.008807419274879278
48301950100,0.0065856536187096654
48303000100,0.08014206234204768
48303000201,0.08043498423830209
48303000202,0.10018583247569547
48303000301,0.10004541803890495
48303000302,0.0927281271680649
48303000402,0.08603712960260762
48303000403,0.0940635772229809
48303000404,0.08256582131104531
48303000405,0.0940635772229809
48303000500,0.0927281271680649
48303000603,0.10004541803890495
48303000605,0.10038741861515003
48303000607,0.0990811733914032
48303000700,0.09922158782819372
48303000900,0.08506567352638547
48303001000,0.08510310210186726
48303001200,0.08349100716528157
48303001300,0.08986186418204795
48303001400,0.08966027804259338
48303001501,0.09870447938450143
48303001502,0.09761469142539245
48303001601,0.09257241744278885
48303001602,0.09988970831362888
48303001702,0.08340538797462282
48303001705,0.07914567168888095
48303001706,0.08003458581883797
48303001707,0.07924971180035144
48303001708,0.08021242883111028
48303001709,0.0830766402315787
48303001801,0.08396013226005926
48303001803,0.08925949606197507
48303001804,0.08590821827428453
48303001901,0.0895882438050192
48303001903,0.08940778931398763
48303001904,0.08529897775901758
48303002001,0.0895882438050192
48303002002,0.08938722879054688
48303002101,0.08547943225004916
48303002102,0.08498229879153456
48303002202,0.0844983247813621
48303002203,0.08547943225004916
48303002204,0.0855349776467238
48303002300,0.08938722879054688
48303002400,0.08527841723557683
48303002500,0.09142189610701118
48303010101,0.03626224021336945
48303010102,0.05362934400896334
48303010200,0.05116659130098873
48303010301,0.04600278751603168
48303010302,0.06185769309026999
48303010402,0.07355702461418648
48303010403,0.07769455768095426
48303010404,0.06909089076095526
48303010405,0.06174250461758074
48303010406,0.05879627531372196
48303010407,0.0780120439205174
48303010408,0.04686389795213375
48303010502,0.07677356876860326
48303010504,0.084834005539522
48303010505,0.07544753434122484
48303010506,0.07577628208426897
48303010508,0.07088249749260558
48303010509,0.06805167726838504
48303010510,0.06805167726838504
48303010511,0.07524667052362739
48303010600,0.0528322904341436
48303010700,0.05280274067388383
48303980000,0.06483578368063479
48305950400,0.04135956917437837
48305950500,0.028718181443588623
48305950600,0.026377484478354817
48307950300,0.2837642405880247
48307950400,0.22944540170576766
48307950500,0.09619980417070835
48309000100,0.030167228082662263
48309000200,0.029690459858008604
48309000300,0.029832957237420053
48309000400,0.030064748867664026
48309000598,0.030064748867664026
48309000700,0.029765217932610367
48309000800,0.03317160141031037
48309000900,0.02832768033999222
48309001000,0.029725199768197152
48309001100,0.02820855771946397
48309001200,0.029725199768197152
48309001300,0.026979540588486423
48309001400,0.023722785966519434
48309001500,0.02979293907300684
48309001600,0.024294510147624238
48309001700,0.024415774344498962
48309001800,0.02609840580201557
48309001900,0.03035706355842785
48309002000,0.02994562624713578
48309002100,0.030064748867664026
48309002302,0.034996291981035516
48309002498,0.033211619574723586
48309002501,0.03293814651326294
48309002503,0.03303083767087763
48309002504,0.03276915372707127
48309002600,0.03170100254190178
48309002700,0.03270952384524702
48309002800,0.028254600899788557
48309002900,0.02866203106445187
48309003000,0.026732611248137042
48309003200,0.02346069985140318
48309003300,0.02018938203773877
48309003400,0.018759219501168392
48309003500,0.019851816243673107
48309003601,0.015593316187462573
48309003602,0.017545961929107148
48309003701,0.023089426417853602
48309003703,0.02635451028976151
48309003706,0.031737825047500265
48309003707,0.029322752084958048
48309003708,0.02689358148377731
48309003801,0.025774017944319952
48309003802,0.015708401888342098
48309003900,0.022438229034206197
48309004000,0.014898935238369741
48309004102,0.0110614774330446
48309004103,0.021104066700529556
48309004201,0.01258238176665944
48309004202,0.011019056154048027
48309004300,0.03460189871520124
48309980000,0.020815839035611926
48311950100,0.00029096365832553085
48313000100,0.01994038981068233
48313000200,0.023894939017485173
48313000300,0.025537080311553884
48313000400,0.026414897323869386
48315950100,0.03940117774709919
48315950200,0.03163090771834101
48315950300,0.020401426664296844
48315950400,0.062431735260550555
48317950100,0.010814709411356599
48317950200,0.016324199404017088
48319950100,0.11065193645461341
48319950200,0.09041363605088866
48321730100,0.012781475638106068
48321730201,0.01218154825535863
48321730202,0.01078566206163277
48321730301,0.0305920939168519
48321730302,0.030326100625025398
48321730303,0.016002931409436084
48321730400,0.026663353799070047
48321730501,0.008620896377385546
48321730600,0.008203949413831244
48321730700,0.0369823440410623
48321990000,0.0067352490699375865
48323950201,0.011732622677363448
48323950204,0.022131149113406877
48323950205,0.022131149113406877
48323950300,0.028513273387760447
48323950400,0.028513273387760447
48323950500,0.023567972805008636
48323950601,0.028513273387760447
48323950602,0.028513273387760447
48323950700,0.0072549762832152505
48325000101,0.012425125276680105
48325000102,0.012566700404416604
48325000200,0.00933909287278413
48325000300,0.007049948265548793
48325000401,0.009810947760898841
48325000402,0.009084315533010059
48325000500,0.007037909811146377
48325000800,0.008106455189191968
48327950300,0.06711776274543221
48329000100,0.02758045298537412
48329000200,0.03155057415267953
48329000302,0.03367616081442125
48329000303,0.03259979742441108
48329000304,0.03118916742022947
48329000305,0.03155057415267953
48329000401,0.03397837293559388
48329000402,0.03367616081442125
48329000500,0.034617345138325706
48329000600,0.03213035174413393
48329001100,0.034617345138325706
48329001200,0.03397837293559388
48329001300,0.03397837293559388
48329001400,0.034617345138325706
48329001500,0.03155057415267953
48329001700,0.03155057415267953
48329010104,0.02663926866146966
48329010105,0.029706039647115844
48329010106,0.03367616081442125
48329010107,0.02758045298537412
48329010108,0.027804174789619263
48329010109,0.019013888405256765
48329010112,0.02758045298537412
48329010113,0.012840901043861075
48329010114,0.029922417124534903
48329010200,0.03213035174413393
48329980000,0.029922417124534903
48331950100,0.012937093899942177
48331950300,0.005656918576873988
48331950401,0.012043134393343645
48331950402,0.007816704404168354
48331950500,0.016934938884937946
48331950700,0.017293088662704348
48331950800,0.008132920887001557
48333950100,0.01625494470268201
48333950200,0.010277329184180697
48335950200,0.0462019507202524
48335950400,0.015881436670361473
48337950100,0.00829313088345312
48337950200,0.014946392237917844
48337950300,0.022833601830321695
48337950400,0.014497025133120492
48337950500,0.014369100398732338
48337950600,0.00845170199015752
48339690100,0.014853984664852236
48339690201,0.014758913676654783
48339690202,0.01616567501089485
48339690300,0.01994547929580566
48339690401,0.014049970672815739
48339690402,0.01513463476368783
48339690500,0.016747191729086314
48339690601,0.02084151079186968
48339690602,0.018256504681233937
48339690700,0.027011406331952762
48339690800,0.022560293793894473
48339690900,0.021588162928702748
48339691000,0.02197622015232687
48339691100,0.023015474485042153
48339691200,0.023761716754661776
48339691301,0.02259171467811076
48339691302,0.02376882685680295
48339691400,0.020590957912620597
48339691500,0.026819851825575895
48339691601,0.026280705024651477
48339691602,0.02734394335970778
48339691700,0.02805654633149937
48339691800,0.02704751431693741
48339691900,0.027867952698079755
48339692001,0.023659860150888546
48339692002,0.020776210014453098
48339692100,0.02509829359316458
48339692200,0.021798701566071114
48339692300,0.023829859088091526
48339692400,0.026327487799864782
48339692500,0.019703819061361205
48339692601,0.020621724656602124
48339692602,0.020060781999736977
48339692700,0.01877576813236881
48339692801,0.018288815411401975
48339692802,0.01766718732733709
48339692900,0.014334478254096934
48339693000,0.013656431505697005
48339693101,0.019781567076631833
48339693102,0.019990423034879135
48339693200,0.023654671100597543
48339693300,0.02399802533237632
48339693400,0.02427774563928506
48339693500,0.021226585005452436
48339693600,0.020674838092859422
48339693700,0.017088207687514685
48339693800,0.018383100373069373
48339693900,0.018197027007870986
48339694000,0.011107097086955738
48339694101,0.012185499199236376
48339694102,0.012758233386311983
48339694201,0.01140426624367661
48339694202,0.013353888003776328
48339694301,0.006522716656033434
48339694302,0.011535973823951742
48339694400,0.01205009321147868
48339694500,0.012761647435062293
48339694600,0.010203979013982421
48339694700,0.013493174107613092
48341950100,0.009737047111140248
48341950200,0.024489876774696936
48341950300,0.022675059278841028
48341950400,0.024252170169276426
48343950100,0.02439925550467125
48343950200,0.017446113272960452
48343950300,0.019589593638816502
48345950100,0.0
48347950100,0.11547309531069928
48347950200,0.09936859913405341
48347950301,0.16275211906424386
48347950302,0.13177197687478326
48347950400,0.13937002230023615
48347950501,0.1811764799436013
48347950502,0.1821462234120689
48347950600,0.20943454205955742
48347950700,0.21794255027917603
48347950800,0.23223633592599105
48347950900,0.2093865110376726
48347951000,0.21862393499482335
48347951100,0.08017628074718364
48349970100,0.01089563193999173
48349970200,0.012852874080069127
48349970300,0.011641845528421416
48349970400,0.008576820892670025
48349970500,0.017967923271995298
48349970600,0.028986815354880235
48349970700,0.008951803197910653
48349970800,0.02010137866943536
48349970900,0.014247935653959178
48349971000,0.011535594183773557
48351950100,0.027402870177312973
48351950200,0.023621817540308253
48351950300,0.019254523261262618
48351950400,0.021111022289826985
48353950100,0.05373672786677915
48353950200,0.060593857402236787
48353950300,0.05982387902161864
48353950400,0.060593857402236787
48353950500,0.02964755211930759
48355000500,0.11565960892958872
48355000600,0.11565960892958872
48355000700,0.10486276840738012
48355000800,0.10132107430463155
48355000900,0.12203310665990443
48355001000,0.12596083017642784
48355001100,0.12596083017642784
48355001200,0.12596083017642784
48355001300,0.12596083017642784
48355001400,0.12818470747505537
48355001500,0.12818470747505537
48355001601,0.12203310665990443
48355001602,0.12818470747505537
48355001701,0.10596158393763712
48355001702,0.10596158393763712
48355001801,0.12384632471257068
48355001802,0.10596158393763712
48355001902,0.11233508166795282
48355001903,0.12777404822909408
48355001904,0.12777404822909408
48355002001,0.12735894864330036
48355002002,0.12818470747505537
48355002101,0.1268950612862824
48355002102,0.1268950612862824
48355002200,0.1269482893973391
48355002301,0.11626280518447621
48355002303,0.11626280518447621
48355002304,0.10550938663369784
48355002400,0.11753184469353366
48355002500,0.12648440204032113
48355002601,0.12648440204032113
48355002602,0.11706795733651569
48355002603,0.11706795733651569
48355002703,0.10676673608967659
48355002704,0.10289783074713271
48355002705,0.11497315899570325
48355002706,0.10183660162351009
48355002900,0.07732242298032391
48355003001,0.07764794816850627
48355003002,0.07764794816850627
48355003101,0.06472326645493783
48355003102,0.07732242298032391
48355003202,0.09149866461212064
48355003203,0.10676673608967659
48355003204,0.10455666551246773
48355003303,0.10723062344669457
48355003304,0.10633077251419916
48355003305,0.10676673608967659
48355003306,0.10455666551246773
48355003401,0.11753184469353366
48355003402,0.10676673608967659
48355003500,0.08073227438043308
48355003601,0.06395354873615601
48355003602,0.06325200882801943
48355003603,0.07256660657223372
48355003700,0.06552765150918895
48355005102,0.02024663713731364
48355005404,0.08181769329074755
48355005406,0.08013110386005153
48355005407,0.10715653134595415
48355005408,0.10633077251419916
48355005409,0.09024131515614192
48355005410,0.09233611349695436
48355005411,0.09233611349695436
48355005412,0.08556988849135025
48355005413,0.09233611349695436
48355005414,0.09233611349695436
48355005415,0.09233611349695436
48355005416,0.0787091772921289
48355005417,0.07764794816850627
48355005601,0.06014417102897632
48355005602,0.06837263862017802
48355005801,0.05045937487674148
48355005802,0.04140450830305002
48355005900,0.03995341839411658
48355006000,0.04437105944109787
48355006100,0.0508152568286926
48355006200,0.031251764071186655
48355006300,0.07696163194983056
48355006400,0.12645529506885206
48355980000,0.09455484929902747
48355990000,0.03467477531049663
48357950100,0.04958262968849454
48357950300,0.06256000623559352
48357950400,0.06256000623559352
48359950100,0.001048749085718242
48361020200,0.029238420744497874
48361020300,0.022637838843294032
48361020500,0.024250902007093407
48361020700,0.031638358255619836
48361020800,0.031638358255619836
48361020900,0.02931131631440106
48361021000,0.024250902007093407
48361021100,0.020816507615305537
48361021200,0.024250902007093407
48361021300,0.028261432790613338
48361021400,0.03891098489539042
48361021501,0.032360182680060676
48361021502,0.03891098489539042
48361021600,0.04827644756773243
48361021700,0.06786398976785507
48361021800,0.042335438661161226
48361021900,0.03891098489539042
48361022000,0.05578024525630505
48361022200,0.031638358255619836
48361022300,0.029238420744497874
48361022400,0.017989260354264184
48363000100,0.006174944074279088
48363000200,0.012308191748381502
48363000300,0.005013795466678383
48363000400,0.013069862744787417
48363000500,0.015305793528098983
48363000600,0.015176800272184373
48363000700,0.014928933623014923
48363000800,0.015965843345169286
48363000900,0.01794316144766303
48365950100,0.02774791162015343
48365950200,0.06905387207987529
48365950300,0.06294323144447471
48365950400,0.0629646156097984
48365950500,0.0499579146187186
48365950600,0.040705157379964205
48367140101,0.01976573374781706
48367140102,0.017014298211574793
48367140200,0.019807442096242883
48367140300,0.019857793183089896
48367140403,0.015406101426123267
48367140405,0.015771152174544115
48367140407,0.017509640662970415
48367140408,0.015701189051778114
48367140409,0.014551329660717486
48367140410,0.010284752854014902
48367140411,0.008517069984722412
48367140501,0.007813483603074198
48367140502,0.009666056705668741
48367140601,0.012818121745415795
48367140602,0.005295063908182357
48367140703,0.017777668230063173
48367140704,0.010619399144682847
48367140705,0.019900607805282865
48367140706,0.019355811084677307
48369950200,0.03566486094530472
48369950300,0.015011718118428705
48371950100,0.1434124915233147
48371950300,0.26277835658462845
48371950400,0.26277835658462845
48371950500,0.07330481377881048
48373210101,0.03617529901619485
48373210102,0.01226055759033354
48373210203,0.041203344591021505
48373210204,0.04581285184750697
48373210205,0.040004937702762776
48373210206,0.040100491187815446
48373210301,0.04008475195650922
48373210302,0.05266143885022309
48373210400,0.12292835813424081
48373210500,0.045474712038785677
48375010100,0.06354975759293838
48375010200,0.06354975759293838
48375010300,0.05890183479161395
48375010400,0.052001582134565315
48375010600,0.05133299498739445
48375010700,0.05133299498739445
48375011000,0.05133299498739445
48375011500,0.05133299498739445
48375011600,0.06380989616398797
48375011700,0.06354975759293838
48375011800,0.06354975759293838
48375011900,0.05142287147291958
48375012000,0.05142287147291958
48375012200,0.05133299498739445
48375012600,0.05019988233292537
48375012800,0.05133299498739445
48375013000,0.05133299498739445
48375013200,0.06314130901681711
48375013300,0.05142287147291958
48375013400,0.038892481396405595
48375013900,0.05153541284207133
48375014100,0.038892481396405595
48375014300,0.010455368799017963
48375014401,0.030120271790957356
48375014500,0.044989392113585235
48375014700,0.05133299498739445
48375014800,0.05142287147291958
48375014900,0.05019988233292537
48375015000,0.05019988233292537
48375015100,0.03899948468446494
48375015200,0.05040230018760225
48375015300,0.06207396482925769
48375015400,0.05133299498739445
48375980000,0.029176604135154348
48377950100,0.0
48377950200,0.0
48379950100,0.03303489597710249
48379950200,0.007892008920597075
48381020100,0.06354975759293838
48381020200,0.058641696220564365
48381020300,0.057574352033004955
48381020400,0.052001582134565315
48381020500,0.052001582134565315
48381020600,0.038632342825356006
48381020800,0.05174144356351573
48381020900,0.05174144356351573
48381021000,0.05409528509190994
48381021101,0.05174144356351573
48381021102,0.05409528509190994
48381021200,0.05992819356139916
48381021300,0.05409528509190994
48381021500,0.05525867669725383
48381021602,0.06590359912133259
48381021603,0.06354975759293838
48381021604,0.06590359912133259
48381021605,0.051889034711446576
48381021606,0.05305242631679047
48381021608,0.059862802488313986
48381021609,0.051889034711446576
48381021702,0.022788398738558074
48381021703,0.03662593044990796
48381021704,0.030739429484297705
48381021801,0.032934851193411115
48381021802,0.032934851193411115
48381021900,0.020870548793780048
48381022001,0.048884794872569796
48381022002,0.03853692825873847
48383950100,0.04145741190630861
48385950100,0.0
48387950100,0.03381567641268624
48387950500,0.045821622486946115
48387950600,0.023409940726508233
48387950700,0.017050104903668616
48389950100,0.012109665231667097
48389950200,0.03949866313636742
48389950300,0.03949866313636742
48389950400,0.03949866313636742
48389950500,0.0065856536187096654
48391950200,0.10785377545325604
48391950400,0.10600636934388091
48393950100,0.009066297449417208
48395960100,0.015386241398979861
48395960200,0.021140879958292325
48395960300,0.013536486617282704
48395960400,0.028461148499303694
48395960500,0.030394567863202902
48397040101,0.01736803016819591
48397040102,0.016778885579419537
48397040200,0.01663294121134832
48397040301,0.017741251915069638
48397040302,0.018747806712152263
48397040401,0.012290398518036802
48397040402,0.015335931252454733
48397040503,0.018175463043499956
48397040504,0.013326485257722037
48397040505,0.012895323460477911
48397040506,0.011970097190907301
48399950100,0.10552925400719892
48399950200,0.12299225795401311
48399950500,0.15765607765716544
48399950600,0.15989646603864932
48401950100,0.07521543646020479
48401950200,0.09315390945160085
48401950300,0.11857696466127031
48401950400,0.0904134148246849
48401950501,0.09974266442686511
48401950502,0.09427194682088744
48401950600,0.0598078305610715
48401950700,0.1071390623262675
48401950800,0.10524423729535881
48401950900,0.11396547254832758
48401951000,0.07471013261625242
48401951100,0.081590645791543
48401951200,0.08307389508333834
48403950100,0.08023785290666827
48403950200,0.10133274953905896
48403950300,0.049242217321261446
48405950100,0.10227683397534111
48405950200,0.10517979253542581
48405950300,0.08492130153166981
48407200101,0.0397317331617521
48407200102,0.006218166830501638
48407200200,0.010258243273836627
48407200300,0.008648759214261715
48409010201,0.037485672327397634
48409010202,0.043956364905418446
48409010301,0.050939838724403545
48409010302,0.043956364905418446
48409010500,0.054772601871298225
48409010601,0.0717853846645475
48409010602,0.0671179320395224
48409010603,0.07287167537043669
48409010604,0.07528359984772176
48409010700,0.04633371873987138
48409010800,0.04706714994808728
48409010900,0.03047942700961775
48409011000,0.039383970467108606
48409011100,0.052821014782845725
48409011200,0.037148590508643504
48409011300,0.03472047846761404
48411950100,0.029402109734750295
48411950200,0.028644931086938018
48413950300,0.13411147264656956
48415950100,0.011144009062645215
48415950200,0.01695405559875135
48415950300,0.02881239587884874
48415950600,0.018959033254865275
48417950300,0.03994213149347452
48419950100,0.02515703645202649
48419950200,0.06706371691340829
48419950300,0.039877868793526505
48419950400,0.06123503502317064
48419950500,0.06495382576848509
48419950600,0.017143743957670796
48421950200,0.0009179965987494579
48423000100,0.25970717040895097
48423000201,0.23780672635403918
48423000202,0.2608337429848592
48423000300,0.2618368707583974
48423000400,0.25970717040895097
48423000500,0.2606167973429774
48423000600,0.2609051560957976
48423000700,0.2507463734611239
48423000800,0.25729143720411274
48423000900,0.2609051560957976
48423001000,0.24961042095727498
48423001101,0.25855056181124914
48423001102,0.247806583805135
48423001200,0.26018142812903905
48423001300,0.26170602013400934
48423001401,0.08320485028116575
48423001403,0.15021311284885822
48423001404,0.11671658202098834
48423001500,0.13280166420697403
48423001601,0.2110185136847932
48423001602,0.17614561005928783
48423001604,0.20206149513329263
48423001700,0.2178424211370337
48423001801,0.17119505775256214
48423001802,0.21102978528517802
48423001803,0.22389678557952444
48423001901,0.20753067599663602
48423001905,0.20505289299698032
48423001906,0.1535970085836539
48423001907,0.11462531287847177
48423001908,0.11827736442030405
48423002003,0.2574202037606062
48423002004,0.21869425340372606
48423002006,0.2073710838003092
48423002007,0.20472530709536738
48423002008,0.20300422022125464
48423002009,0.15088947524969976
48423002101,0.07275307565059876
48423002102,0.11093282259862089
48423002200,0.11688872215900356
48423980000,0.15290661363528388
48425000100,0.010271615581817724
48425000200,0.010788365013002899
48427950101,0.000930145405292293
48427950104,0.008292039456195758
48427950105,0.01178746464340953
48427950106,0.015251571807099308
48427950107,0.01355789578432657
48427950108,0.004153670352163028
48427950202,0.001158579139266688
48427950203,0.009828390736131539
48427950204,0.008292039456195758
48427950401,0.012240578882557494
48427950402,0.007994020538127835
48427950500,0.014814937739961533
48427950600,0.014814937739961533
48427950701,0.008493891364953536
48427950702,0.008493891364953536
48429950200,0.04424276729120999
48429950300,0.03714007715187542
48429950500,0.03507249292401528
48431950100,0.027622134508121444
48433950300,0.14755874270293842
48435950300,0.11176283532159172
48437950200,0.013937985402049494
48437950300,0.019403916251098552
48437950400,0.012661689530412072
48439100101,0.03607613924738854
48439100102,0.03629727802548786
48439100201,0.03522792441700376
48439100202,0.036377925668692135
48439100300,0.0323602790045877
48439100400,0.03523028622614552
48439100501,0.032175382421820484
48439100502,0.03453174163275071
48439100601,0.027693728446424325
48439100602,0.027756162925590307
48439100700,0.034065189435222076
48439100800,0.03808524974425209
48439100900,0.039223126576212276
48439101201,0.035028506795391406
48439101202,0.036907301611538906
48439101301,0.03403469777418393
48439101302,0.03632440049043602
48439101401,0.03586076949067999
48439101402,0.03627324934062816
48439101403,0.03620685154343597
48439101500,0.03546800584518438
48439101700,0.04060781721765659
48439102000,0.039154768976813345
48439102100,0.03721300956115669
48439102201,0.033517217790491334
48439102202,0.03536556744181352
48439102301,0.034354488386618
48439102302,0.033285256723339825
48439102401,0.03398036185581963
48439102402,0.03276177694864203
48439102500,0.03387492258514782
48439102601,0.03434279539034823
48439102602,0.03866275812817718
48439102700,0.038569592298105596
48439102800,0.039214482951937045
48439103500,0.03719382855738165
48439103601,0.03562493982123242
48439103602,0.03624678949896084
48439103701,0.036406267196649036
48439103702,0.03541275762768425
48439103800,0.039433899897854424
48439104100,0.03875554695288055
48439104201,0.0382332225953761
48439104202,0.03371505279190735
48439104300,0.038166252624108735
48439104400,0.03899235505107618
48439104502,0.038583212960499394
48439104503,0.03565723888561977
48439104504,0.03519497624995058
48439104505,0.036934583649567254
48439104601,0.03562147377155445
48439104602,0.035583689923358516
48439104603,0.03535092484501201
48439104604,0.03629160949179672
48439104605,0.034607921141732424
48439104701,0.0356016167773132
48439104702,0.03617930639132569
48439104802,0.034119848329016635
48439104803,0.03492137239029178
48439104804,0.033738734029157266
48439104900,0.035458350831511706
48439105001,0.033461561585845755
48439105006,0.03595205367858746
48439105007,0.032313161593422596
48439105008,0.03142268981384023
48439105201,0.032477872729400725
48439105203,0.028190350170639346
48439105204,0.03203271227035458
48439105205,0.032340164252871416
48439105403,0.03462802666767558
48439105404,0.03328673620001082
48439105405,0.03365277365015715
48439105406,0.03381083735056272
48439105502,0.033519992567593006
48439105503,0.0281085567896792
48439105505,0.033173209337064476
48439105507,0.028100203284737647
48439105508,0.027702950895958253
48439105510,0.027169976272159415
48439105511,0.028338800094827334
48439105512,0.0289484224139258
48439105513,0.03159077884175671
48439105514,0.033689663578407046
48439105600,0.03415027428731282
48439105701,0.03379310937709435
48439105703,0.03317947255332537
48439105704,0.02756675012484164
48439105800,0.03505662867699659
48439105901,0.035026702679881165
48439105902,0.03566377183241583
48439106001,0.032659647188850505
48439106002,0.03265938390246552
48439106004,0.029131376653429943
48439106101,0.036106049700745824
48439106102,0.03292142892475931
48439106201,0.035545926804222965
48439106202,0.03632987961270964
48439106300,0.035715736877464724
48439106400,0.03288378741156597
48439106502,0.03671206140751189
48439106503,0.03532549067546933
48439106507,0.0356950880385718
48439106509,0.029525413841318182
48439106510,0.03111569095818684
48439106511,0.032539970680002424
48439106512,0.03302344971853736
48439106513,0.03159829924164163
48439106514,0.034516286823409445
48439106515,0.033496968003773324
48439106516,0.03663570561764912
48439106517,0.03204574643851305
48439106518,0.03243648839162334
48439106600,0.031162280752764268
48439106700,0.025591469269919634
48439110101,0.03304436301274164
48439110102,0.036554326664891106
48439110202,0.035773633519681575
48439110203,0.03293247279722287
48439110204,0.032750640169972915
48439110301,0.036837176028736415
48439110302,0.03672544719210043
48439110401,0.03174537289717821
48439110402,0.03372769211135979
48439110500,0.03510276784579247
48439110600,0.034558237075716994
48439110701,0.02789484493046373
48439110703,0.03264397784964125
48439110704,0.03319576001802207
48439110805,0.02837950637891806
48439110806,0.025316332043524983
48439110807,0.026915246531300084
48439110808,0.022913521340119022
48439110809,0.025180456989287153
48439110901,0.02804209667486057
48439110903,0.03283317736037794
48439110905,0.027547134745062256
48439110906,0.022356434006098897
48439110907,0.027693478369982788
48439111003,0.03436040139769913
48439111005,0.02881924247037057
48439111008,0.023114646242536514
48439111010,0.017960207268321787
48439111011,0.027651816474607682
48439111012,0.027632054749868407
48439111013,0.023370011282966705
48439111015,0.025983332967188515
48439111016,0.025822567949214656
48439111017,0.02694944944350132
48439111018,0.022921572206947086
48439111102,0.031435407076058894
48439111103,0.034808381916304955
48439111104,0.034208620210168184
48439111202,0.030180666926719654
48439111203,0.02368173625522565
48439111204,0.02175112702715012
48439111301,0.024744384067286938
48439111304,0.027266345500405686
48439111306,0.024413236267898306
48439111307,0.026543768551521518
48439111308,0.02642821279514861
48439111309,0.024257522200734908
48439111310,0.02647809624373664
48439111311,0.026174884286566228
48439111312,0.025858035319548448
48439111313,0.024274800794093512
48439111314,0.023806906673488705
48439111402,0.02955415533769384
48439111404,0.031801090526924855
48439111405,0.029669734605586168
48439111406,0.025811222339877895
48439111407,0.027029038755247602
48439111408,0.02892466988916156
48439111409,0.02744660667363743
48439111505,0.030031252299580962
48439111506,0.03217773147515531
48439111513,0.02850310335291296
48439111514,0.03048199915479984
48439111516,0.030173217020261964
48439111521,0.029661922898714863
48439111522,0.029976219247150368
48439111523,0.03125689012251292
48439111524,0.03054720155876577
48439111525,0.03187614756862938
48439111526,0.0302060396133978
48439111529,0.03032856327865614
48439111530,0.03100606630731445
48439111531,0.03212122420614475
48439111532,0.031878859152930136
48439111533,0.029032010697714727
48439111534,0.030170233444745634
48439111536,0.028239701858817107
48439111537,0.028604500413932744
48439111538,0.029112345637262085
48439111539,0.02811201565734516
48439111540,0.028259358344601238
48439111541,0.028805814807412917
48439111542,0.026118243755173166
48439111543,0.028886554883332048
48439111544,0.027561351046640675
48439111545,0.029808250771370715
48439111546,0.032333080956115146
48439111547,0.026120603815746966
48439111548,0.02548381258725435
48439111549,0.02271091137546785
48439111550,0.026804486693882742
48439111551,0.027471586601449043
48439111552,0.02980330572544378
48439111553,0.0302096574663322
48439113001,0.03077424140590883
48439113002,0.032620612617811635
48439113102,0.029674679957351045
48439113104,0.0323087141588527
48439113107,0.03184148389649991
48439113108,0.03291375570311865
48439113109,0.03382005133198515
48439113110,0.03296037325270769
48439113111,0.03367120516531186
48439113112,0.032546216141589396
48439113113,0.03110851427541806
48439113114,0.028015457464361217
48439113115,0.03286008857465282
48439113116,0.03378076420530503
48439113206,0.03286744770726604
48439113207,0.02721758350748611
48439113210,0.0290552561067136
48439113212,0.032266441666781914
48439113213,0.03383827882107686
48439113214,0.027832963209202314
48439113215,0.028561014646855117
48439113216,0.03269925815423562
48439113217,0.03337358997604112
48439113218,0.029419304590538452
48439113220,0.03491467450428945
48439113221,0.029611698616681618
48439113301,0.03381141678759935
48439113302,0.0330948108543584
48439113403,0.03390151912551114
48439113404,0.03189269121310968
48439113405,0.03348556170464286
48439113407,0.03109685724768173
48439113408,0.03293329174914678
48439113509,0.035444268790890236
48439113510,0.031888465877467624
48439113511,0.03298960523993515
48439113512,0.03377379428766962
48439113513,0.031275513353700976
48439113514,0.035277288749991094
48439113516,0.032037570689632665
48439113517,0.03054705229630665
48439113518,0.03181510957271613
48439113519,0.03096232078551704
48439113520,0.0309047531474319
48439113607,0.031955785115520795
48439113610,0.026654428460051564
48439113611,0.029641901126369108
48439113612,0.02953621032307416
48439113613,0.032490306214446624
48439113618,0.03148364595793123
48439113619,0.031241931209328985
48439113622,0.028992244162699573
48439113623,0.03224163242675584
48439113624,0.032673507797321796
48439113625,0.031485292886510315
48439113626,0.031226577338931714
48439113627,0.03291793439943276
48439113628,0.03388113529304791
48439113629,0.03211462971692427
48439113630,0.03229320308921441
48439113631,0.029125306106664074
48439113632,0.027873786483554264
48439113633,0.02905674769809776
48439113634,0.027213307319059802
48439113703,0.027986286564003343
48439113705,0.03070191590597376
48439113707,0.02561524564712909
48439113709,0.029952909213665755
48439113710,0.027192800926948087
48439113711,0.028577881959596128
48439113803,0.02757420181566968
48439113808,0.029981324312290645
48439113809,0.03112247846346868
48439113810,0.031705479877464644
48439113811,0.03194324409967808
48439113812,0.02644428722307793
48439113813,0.027222964172404603
48439113814,0.027742952366592674
48439113815,0.02315526106542077
48439113816,0.026250624370920815
48439113906,0.02413109562097614
48439113907,0.025041234453898
48439113908,0.025163400510764607
48439113909,0.02614557683467431
48439113910,0.022105346645541646
48439113911,0.02381196397676952
48439113912,0.025303896974695986
48439113916,0.03113707363472823
48439113917,0.03051896517458606
48439113918,0.030664889327739187
48439113919,0.02644263887868357
48439113920,0.026904930170812243
48439113921,0.026066698554404796
48439113922,0.02898173705047948
48439113923,0.030090639708053788
48439113924,0.0297666649021244
48439113925,0.029832333575070317
48439113926,0.02609376329067304
48439113927,0.026841167117992986
48439113928,0.025605328069343285
48439113929,0.02529589389920771
48439114003,0.029375166581784524
48439114005,0.028248948096160718
48439114006,0.029553703783495876
48439114007,0.027262057949962032
48439114008,0.02915122363149992
48439114102,0.01857613257513549
48439114103,0.02401339866517049
48439114104,0.01862083754451267
48439114203,0.015345590893463776
48439114204,0.020539272028793205
48439114205,0.02080226756371102
48439114206,0.02242614199542315
48439114207,0.02188895461860661
48439121601,0.030949491594790404
48439121604,0.03386437735140901
48439121605,0.03135487853148113
48439121606,0.032604004072360915
48439121608,0.032605675554714636
48439121609,0.03141586146320851
48439121610,0.03250741801660447
48439121611,0.03242068563800578
48439121702,0.03304943783488067
48439121703,0.03260339589460267
48439121704,0.033290218953064665
48439121903,0.02951331135790619
48439121904,0.031093831119453033
48439121905,0.03012434980665225
48439121906,0.031660400719438216
48439122001,0.031081427918782947
48439122002,0.03255679957738974
48439122100,0.032327222906775865
48439122200,0.03160351056383018
48439122300,0.03144798596819965
48439122400,0.03036651711962352
48439122500,0.030261454982881627
48439122600,0.03124523157377756
48439122700,0.03068188154748674
48439122801,0.030748268747606416
48439122802,0.03130317381692736
48439122900,0.030696195926458208
48439123000,0.0335606705791576
48439123100,0.040536106142762054
48439123200,0.03869597581557969
48439123300,0.041544236628004154
48439123400,0.03994507946372784
48439123500,0.04009165398345689
48439123600,0.03996709507626126
48439980000,0.02805376025441493
48441010100,0.16125719139948633
48441010200,0.16203379981741886
48441010300,0.1623395438475772
48441010400,0.16203379981741886
48441010500,0.17282033522891235
48441010600,0.17282033522891235
48441010700,0.16986209985451325
48441010800,0.17173798278082145
48441010900,0.17173798278082145
48441011000,0.16986209985451325
48441011200,0.17282033522891235
48441011300,0.17282033522891235
48441011400,0.15197129756731412
48441011500,0.17282033522891235
48441011600,0.16986209985451325
48441011700,0.17063870827244582
48441011900,0.16986209985451325
48441012000,0.14728197196653012
48441012100,0.14728197196653012
48441012200,0.1480242263928338
48441012300,0.14940187727967777
48441012400,0.15770201977387657
48441012500,0.14741040470046915
48441012600,0.14741040470046915
48441012700,0.1563243688870326
48441012801,0.15633699240260182
48441012802,0.14741040470046915
48441012900,0.1274926553268783
48441013000,0.11701186394554317
48441013100,0.14997982498810553
48441013200,0.11302950742896518
48441013300,0.16125719139948633
48441013401,0.14997982498810553
48441013402,0.12142477902720404
48441013404,0.1230827276214139
48441013500,0.054921615894766906
48441013600,0.04858253899009696
48441980000,0.14570651575377996
48443950100,0.0
48445950100,0.033557640594744254
48445950300,0.039752788944699885
48445950400,0.03597459307130055
48447950300,0.11120543349632743
48449950100,0.013572715750244081
48449950200,0.029843898280086538
48449950300,0.030100280203294628
48449950400,0.024842460818846297
48449950500,0.03196813450168932
48449950600,0.03196813450168932
48449950700,0.03196813450168932
48449950800,0.030444260911021367
48451000100,0.28390618548178304
48451000200,0.2554191567198804
48451000300,0.32360619558041104
48451000400,0.3274757885879453
48451000700,0.3250515921779088
48451000801,0.2927853879614527
48451000802,0.2907319757009523
48451000900,0.35430936462289053
48451001000,0.35264366742605263
48451001101,0.32064999836877606
48451001102,0.3274757885879453
48451001200,0.32064999836877606
48451001301,0.35264366742605263
48451001303,0.31589985453905967
48451001304,0.3302494974950554
48451001400,0.36699331038204835
48451001500,0.3071350309174484
48451001600,0.2491524530025395
48451001702,0.20855436794887128
48451001704,0.15331898466959823
48451001706,0.31589985453905967
48451001707,0.31589985453905967
48451001708,0.24609711891904099
48451001800,0.35430936462289053
48451980000,0.2604467618750367
48453000101,0.05143756516914541
48453000102,0.04593878783113442
48453000203,0.053939097949813164
48453000204,0.052047785157509165
48453000205,0.05060865746916299
48453000206,0.05136918914004976
48453000302,0.05328781903369909
48453000304,0.054214922881995704
48453000305,0.05136423969501499
48453000306,0.05245201719702834
48453000307,0.05393437091532141
48453000401,0.053386714865436856
48453000402,0.051081436938145645
48453000500,0.05411409615711096
48453000601,0.050731952826643834
48453000603,0.05064696967979537
48453000604,0.050983611830579534
48453000700,0.05258672014529275
48453000801,0.04870279760904519
48453000802,0.04828327066954436
48453000803,0.050680776854185275
48453000804,0.04785350705476051
48453000901,0.047987803505846895
48453000902,0.04663405347434674
48453001000,0.047371598575847065
48453001100,0.049632986392441056
48453001200,0.05085778177511125
48453001303,0.04705694671799644
48453001304,0.045205998510282605
48453001305,0.0479740681984603
48453001307,0.046275246992291096
48453001308,0.04652292583811829
48453001401,0.04765741800842872
48453001402,0.049540532796744925
48453001403,0.04962175731060093
48453001501,0.048036296247773086
48453001503,0.053078908990414966
48453001504,0.04905382479678302
48453001505,0.048081324504553935
48453001602,0.047788404307022365
48453001603,0.050373686003509326
48453001604,0.04530816238376963
48453001605,0.05099992293373721
48453001606,0.04554854687714255
48453001705,0.04028080178866659
48453001706,0.04242905121175846
48453001707,0.048444872224753605
48453001712,0.04390918388584646
48453001713,0.04088092706491445
48453001714,0.02789335033561309
48453001716,0.032800982650139004
48453001718,0.0459730944435673
48453001719,0.042506550633994396
48453001722,0.04295479210548168
48453001728,0.03725275403607507
48453001729,0.037319539619361956
48453001733,0.025617333486479477
48453001737,0.03539782861194333
48453001738,0.037010904848288916
48453001740,0.03517968976222055
48453001741,0.020115067738090502
48453001742,0.018588247819703887
48453001745,0.04000965687469204
48453001746,0.03521724009291469
48453001747,0.035050412352438984
48453001748,0.03370566991901879
48453001749,0.03740518728159933
48453001750,0.04076439447953362
48453001751,0.04713844014103016
48453001752,0.047369907315644354
48453001753,0.04838888749629799
48453001754,0.04188278151975101
48453001755,0.03823020602181821
48453001756,0.039765741662399386
48453001757,0.038607506967324574
48453001760,0.021203380809192904
48453001761,0.029488883713080383
48453001764,0.013788713882057395
48453001765,0.026925623954610414
48453001766,0.014149622398620913
48453001768,0.014719493818787958
48453001769,0.0312933125519096
48453001770,0.03308937958131366
48453001771,0.017653565938077067
48453001772,0.029456288797134317
48453001773,0.020522759413503636
48453001774,0.02964697127970805
48453001775,0.028615733781926084
48453001776,0.038336618688634444
48453001777,0.035736823571776176
48453001778,0.019012276245664057
48453001779,0.01105012747363496
48453001780,0.0116534087817972
48453001781,0.034963229300571344
48453001782,0.03354203657695306
48453001783,0.027047863797834595
48453001784,0.016205898656972126
48453001785,0.0407716307949475
48453001786,0.039094406874747197
48453001804,0.04949419958318722
48453001805,0.04798692609115143
48453001806,0.04701637631079181
48453001811,0.046425796236163636
48453001812,0.050127253119919814
48453001813,0.0450136690973786
48453001817,0.04770056321687712
48453001818,0.04759620706771667
48453001819,0.04745234355577796
48453001820,0.04798692609115143
48453001821,0.04597831903280139
48453001822,0.04644660013577885
48453001823,0.047312060417648634
48453001824,0.04373195066395983
48453001826,0.04256755820387249
48453001828,0.04129201527965602
48453001829,0.04251794152369026
48453001832,0.04488516724738403
48453001833,0.04694488998514851
48453001834,0.04178755881195169
48453001835,0.041625190688953415
48453001839,0.040628828856220746
48453001840,0.041316993391792886
48453001841,0.0366238231331096
48453001842,0.03198931812996171
48453001843,0.04539261952966197
48453001844,0.04331555137049691
48453001845,0.041640419911204346
48453001846,0.03951239165637242
48453001847,0.04289587612544879
48453001848,0.04267497118114084
48453001849,0.04595048676482072
48453001850,0.04453649717103254
48453001851,0.043248740180957236
48453001853,0.04244965613220681
48453001854,0.019751756881606894
48453001855,0.03431837194033718
48453001856,0.036935819058526644
48453001857,0.03840593517664117
48453001858,0.0296278477300808
48453001859,0.023385714739848722
48453001860,0.03821198854828233
48453001861,0.03756403519931578
48453001862,0.034570129329370876
48453001863,0.04404731113876377
48453001864,0.042450180819411126
48453001901,0.04362801233791839
48453001908,0.030856000135103735
48453001910,0.043501491447778255
48453001911,0.046229604785997976
48453001912,0.031095293948823564
48453001913,0.032101008351351684
48453001914,0.03370088399600506
48453001915,0.041396385618618546
48453001916,0.027673299540950554
48453001917,0.03421236315334069
48453001918,0.0383011522001064
48453001919,0.043319368174612474
48453002002,0.04344726730173913
48453002003,0.04519967035271349
48453002004,0.04521738845472655
48453002005,0.04423335898413086
48453002104,0.04873705030611755
48453002105,0.05407965819363111
48453002106,0.048694192805445284
48453002107,0.04841642172511612
48453002108,0.045076801895142606
48453002109,0.048724781158285234
48453002110,0.041986955897690074
48453002111,0.043020006693105725
48453002112,0.045261786284639935
48453002113,0.04554230018699323
48453002201,0.044640462200825
48453002202,0.03493707966872498
48453002207,0.02987957791039729
48453002208,0.04141930910163259
48453002209,0.021643913934862983
48453002210,0.020340587146019825
48453002211,0.03634928215632653
48453002212,0.03539145442065253
48453002304,0.04640877032447871
48453002307,0.046295896600772775
48453002308,0.046362658580773146
48453002310,0.031584072329352224
48453002312,0.040521621916428836
48453002313,0.04455506607547855
48453002314,0.040805082611563674
48453002315,0.047813050978669246
48453002316,0.047903163850311334
48453002317,0.042192096398724385
48453002318,0.04077135824089059
48453002319,0.0366955533807888
48453002402,0.04280989964818846
48453002403,0.04199982198890674
48453002407,0.03381247720178188
48453002409,0.04098149914532775
48453002410,0.04190768131420095
48453002411,0.04198524817322821
48453002412,0.040438008145442295
48453002413,0.040451053151028406
48453002419,0.04217076898019878
48453002421,0.03419315263076847
48453002422,0.04282711139343807
48453002423,0.03788485285219236
48453002424,0.037343370103975426
48453002425,0.03714239255042316
48453002426,0.03349498324094836
48453002427,0.0414525020336305
48453002428,0.0325399821487964
48453002429,0.036611857215114285
48453002430,0.036417724124529066
48453002431,0.03807952630787953
48453002432,0.03139994966028269
48453002433,0.03261854879021481
48453002434,0.029508977156155736
48453002435,0.02874428642058294
48453002436,0.02382899543925352
48453002500,0.040962861810277786
48453980000,0.03487965267414795
48455950100,0.08964962060450651
48455950200,0.03571223950690119
48455950300,0.03572192228128858
48455950400,0.006741152610413855
48455950500,0.007828424638448071
48457950100,0.0738640679431387
48457950200,0.07233512895642079
48457950300,0.040283137251170234
48457950400,0.024090647425700475
48457950500,0.030042122755425033
48459950100,0.05730460885727535
48459950200,0.05361557764046872
48459950300,0.06018052652882069
48459950400,0.07300912183831941
48459950500,0.08154567380136894
48459950600,0.09525423588550556
48459950700,0.09639847132606687
48461950100,0.034989507427024405
48461950200,0.008939347657068802
48463950100,0.0033081188785007653
48463950200,0.012289319652975203
48463950300,0.0213043569682823
48463950400,0.02134207517987272
48463950500,0.022607113280252004
48465950201,0.018831926876898393
48465950301,0.018831926876898393
48465950302,0.018831926876898393
48465950400,0.018831926876898393
48465950500,0.015019352612255149
48465950601,0.018831926876898393
48465950602,0.018831926876898393
48465950700,0.018831926876898393
48465950800,0.0
48465980000,0.018831926876898393
48467950100,0.047333822411771656
48467950200,0.04951720209475137
48467950300,0.028353317166289183
48467950400,0.029884412819353726
48467950500,0.029785137930478343
48467950600,0.04180965081253838
48467950700,0.04180965081253838
48467950800,0.062453404479279495
48467950900,0.05280497017897763
48467951000,0.024894093846892413
48469000100,0.9129497512385762
48469000201,0.9240542900099169
48469000202,0.9240542900099169
48469000301,0.7909997035390078
48469000302,0.9154095218768974
48469000400,0.9125650004408236
48469000501,0.9217026374347335
48469000502,0.9247047704704934
48469000601,0.9208862879401044
48469000602,0.9171529845667179
48469000700,0.5529783733133281
48469000800,0.313465416897426
48469001300,0.5388945538851877
48469001400,0.4567800893927106
48469001501,0.41622483893106643
48469001503,0.7541338483740886
48469001504,0.7536393834816644
48469001601,0.9273999564805719
48469001604,0.8651930727656102
48469001605,0.9167682337689652
48469001606,0.32279884464062475
48469001700,0.5570623738971647
48469980000,0.7342368223782952
48471790101,0.005447167713647269
48471790102,0.007171192641141069
48471790103,0.0067669296919731226
48471790200,0.004772183071754025
48471790300,0.007612500333576817
48471790400,0.0035271699330584197
48471790500,0.011763237228173748
48471790600,0.010742651503726433
48471790700,0.011871698401477204
48471790800,0.011410148652846258
48473680100,0.019205313649539774
48473680200,0.012479332662302153
48473680300,0.02015053642112769
48473680400,0.020802833991828903
48473680500,0.02415977150131774
48473680600,0.01939560549910957
48475950100,0.01838099871090055
48475950200,0.028666180453085673
48475950300,0.04394031144831991
48477170100,0.015748058447589915
48477170200,0.015386270362249535
48477170300,0.014878834666138131
48477170400,0.014936500208044075
48477170500,0.01682367059396689
48477170600,0.014536045650368892
48479000101,0.030022424553678123
48479000105,0.02567098627677635
48479000106,0.02567098627677635
48479000107,0.02567098627677635
48479000108,0.02332173074757053
48479000109,0.02332173074757053
48479000200,0.030022424553678123
48479000300,0.028817255374849766
48479000601,0.033168693651751534
48479000602,0.028817255374849766
48479000700,0.033168693651751534
48479000800,0.033168693651751534
48479000901,0.033168693651751534
48479000903,0.033168693651751534
48479000904,0.033168693651751534
48479001001,0.030022424553678123
48479001003,0.030022424553678123
48479001004,0.030022424553678123
48479001101,0.033168693651751534
48479001103,0.030022424553678123
48479001104,0.030022424553678123
48479001105,0.030022424553678123
48479001201,0.033168693651751534
48479001202,0.033168693651751534
48479001300,0.033168693651751534
48479001401,0.033168693651751534
48479001402,0.029769990719809243
48479001501,0.033168693651751534
48479001502,0.033168693651751534
48479001601,0.033168693651751534
48479001602,0.028817255374849766
48479001706,0.033168693651751534
48479001709,0.028817255374849766
48479001710,0.005951349618184167
48479001711,0.02419768669759582
48479001712,0.03178090777170692
48479001713,0.027161339094452973
48479001714,0.028817255374849766
48479001715,0.03178090777170692
48479001716,0.028817255374849766
48479001717,0.028817255374849766
48479001718,0.033168693651751534
48479001719,0.033168693651751534
48479001720,0.028817255374849766
48479001721,0.028817255374849766
48479001722,0.028817255374849766
48479001806,0.02332173074757053
48479001807,0.018702162070316587
48479001808,0.018702162070316587
48479001809,0.018702162070316587
48479001810,0.018702162070316587
48479001811,0.02567098627677635
48479001812,0.02332173074757053
48479001813,0.003925732967972901
48479001814,0.018702162070316587
48479001815,0.0031781490551265916
48479001816,0.01364951079748061
48479001817,0.01256000098683443
48479001818,0.007312420827261762
48479001900,0.028817255374849766
48479980000,0.033168693651751534
48481740100,0.005400973555588097
48481740200,0.07797543218056058
48481740300,0.09846008382036854
48481740400,0.024317467959053866
48481740500,0.017377211162405995
48481740600,0.016106258311753843
48481740700,0.09315892730212103
48481740800,0.09959442595338505
48481740900,0.09101070742463085
48481741000,0.09976412517356774
48481741100,0.09563290301923047
48483950100,0.06346121629440965
48483950300,0.054097457874362334
48485010100,0.047690195303665806
48485010200,0.047690195303665806
48485010400,0.0468846286938651
48485010600,0.047690195303665806
48485010700,0.047690195303665806
48485010800,0.047690195303665806
48485010900,0.045735075740119695
48485011000,0.047690195303665806
48485011100,0.04750527755987061
48485011200,0.029335221149955078
48485011300,0.03983652556908454
48485011400,0.047690195303665806
48485011500,0.040642092178885245
48485011600,0.047690195303665806
48485011700,0.047690195303665806
48485011800,0.04268699851616853
48485011900,0.047690195303665806
48485012000,0.046460233825326984
48485012100,0.044855218756516754
48485012200,0.04153744556242312
48485012300,0.04377211083784474
48485012400,0.04377211083784474
48485012600,0.04985841554401403
48485012700,0.04766129100617847
48485012800,0.0381518552788462
48485012900,0.04361609739153687
48485013000,0.04450870456302552
48485013100,0.0374091462790582
48485013200,0.03840943130646782
48485013300,0.039190594703607556
48485013401,0.04096079652335847
48485013501,0.02740724779910534
48485013502,0.029335221149955078
48485013600,0.03625229069847392
48485013700,0.03434213154352813
48485013800,0.03101447247673902
48485980000,0.02883159906168665
48487950300,0.03354123273598174
48487950500,0.04740264339793159
48487950600,0.04740264339793159
48487950700,0.04408150566430283
48489950300,0.016581728363867846
48489950400,0.015357287774409353
48489950500,0.018665518136106236
48489950600,0.0220975343478498
48489950700,0.0071345219445779415
48489990000,0.002235870234854931
48491020105,0.018735709341241413
48491020106,0.02078143300969771
48491020107,0.019304013696923535
48491020108,0.025505348400772794
48491020109,0.018450762830149865
48491020110,0.022705815508899874
48491020111,0.02613143198080387
48491020112,0.018275272525500992
48491020113,0.02564987125881758
48491020114,0.027104075518239845
48491020115,0.022275188905438448
48491020201,0.01149959368099442
48491020202,0.01137592738091448
48491020203,0.016646699904489942
48491020204,0.013998997542261957
48491020301,0.01907331713351232
48491020302,0.028180655638317488
48491020310,0.033046214108351964
48491020311,0.03591525751039716
48491020312,0.0236695742950658
48491020313,0.031810336329240886
48491020314,0.022459445337632097
48491020315,0.03328466892529106
48491020316,0.033660956964828674
48491020317,0.03206013587455802
48491020318,0.032443244648106856
48491020319,0.028945506174880828
48491020320,0.02930677503824804
48491020321,0.02810905612934373
48491020322,0.03125690787188289
48491020323,0.028354267817737602
48491020324,0.026877219358367597
48491020325,0.028430808000017585
48491020326,0.02812718560597747
48491020327,0.030355761160848392
48491020328,0.029188624087358825
48491020403,0.03489177275061069
48491020404,0.03385121580552981
48491020405,0.03623222384909588
48491020406,0.039094406874747197
48491020408,0.03759706271936124
48491020409,0.036076253817789464
48491020410,0.041090207737680136
48491020411,0.038012383181134646
48491020503,0.04001625054311609
48491020504,0.040681074280856835
48491020505,0.037589701579439125
48491020506,0.0348324561145298
48491020507,0.037322664748290324
48491020508,0.03648194704520142
48491020509,0.03290298012641332
48491020510,0.035773460675479075
48491020602,0.035080988642433614
48491020603,0.03202607556406956
48491020604,0.025621430266896745
48491020605,0.030669514953381664
48491020701,0.037854649957935256
48491020703,0.03717119438745779
48491020704,0.03818526933522772
48491020706,0.029200415642045768
48491020707,0.036862380769101574
48491020708,0.030199272452480688
48491020803,0.026002102966398016
48491020804,0.027974801758789844
48491020805,0.02463871743597973
48491020806,0.026857474911223547
48491020807,0.02451287274221982
48491020808,0.020654491280781805
48491020809,0.021838311370450596
48491020900,0.011959839066147813
48491021000,0.016850934656548223
48491021100,0.018506098325547365
48491021201,0.018857797405403845
48491021202,0.017791210929471637
48491021203,0.01378862147201709
48491021300,0.013219141137798483
48491021401,0.02804963296476643
48491021402,0.0296806623670424
48491021403,0.032804680560237956
48491021502,0.03767400419686083
48491021503,0.03650828627539337
48491021504,0.03350973367106148
48491021505,0.03510541363290327
48491021506,0.03145947759019518
48491021507,0.034278154471309684
48491021508,0.02938114845549916
48491021601,0.020368669517511536
48491021602,0.017345360961038968
48491021603,0.019093831319715766
48493000102,0.007567535657917837
48493000103,0.012877261262108312
48493000104,0.008594116276862018
48493000201,0.011376003996660597
48493000202,0.0074486729922780244
48493000300,0.012220242900112085
48493000402,0.00818444954071513
48493000403,0.009990662686733183
48493000404,0.00940835781042023
48493000500,0.012957168197162968
48493000600,0.009542417498907649
48495950200,0.032350511195776296
48495950300,0.03298183972260918
48495950400,0.03298183972260918
48497150101,0.010786760592401304
48497150102,0.014605385360350187
48497150200,0.016496341802198167
48497150300,0.008800971930662569
48497150401,0.011901473954480823
48497150402,0.006294737591008154
48497150403,0.00771880184763808
48497150500,0.013786734621942607
48497150601,0.011239037794224069
48497150602,0.017336181410773054
48497150603,0.01913155847064101
48499950100,0.041557974055469835
48499950200,0.048392663611999245
48499950301,0.04588309079057791
48499950302,0.03803402894910658
48499950400,0.05029987572915165
48499950500,0.058737291372502
48499950601,0.08406293643564533
48499950602,0.07372138325188629
48499950700,0.07503137843343258
48499950800,0.07483688434172367
48501950100,0.024884571361620082
48501950200,0.04648668236183971
48503950200,0.051683760352447455
48503950400,0.02126984489720954
48503950500,0.050522471677739454
48503950600,0.04797007240249488
48505950301,0.0037242894765826167
48505950302,0.0037242894765826167
48505950400,0.0005461404214560252
48507950100,0.010855098812383316
48507950200,0.00974344520569229
48507950301,0.014012220829759461
48507950302,0.022145438311529448
